0.7812636, (-4.356152, -1.406819, 0.826214), (0.0714, 0.2399, -0.0243, 0.9679)
0.796812, (-4.356152, -1.406819, 0.826214), (0.0714, 0.2399, -0.0243, 0.9679)
0.8102315, (-4.356152, -1.406819, 0.826214), (0.0714, 0.2399, -0.0243, 0.9679)
0.8206359, (-4.356152, -1.406819, 0.826214), (0.0714, 0.2399, -0.0243, 0.9679)
0.8359617, (-4.356152, -1.406819, 0.826214), (0.0714, 0.2399, -0.0243, 0.9679)
0.8499918, (-4.356152, -1.406819, 0.826214), (0.0714, 0.2399, -0.0243, 0.9679)
0.8639598, (-4.356152, -1.406819, 0.826214), (0.0714, 0.2399, -0.0243, 0.9679)
0.8767651, (-4.356152, -1.406819, 0.826214), (0.0714, 0.2399, -0.0243, 0.9679)
0.8902388, (-4.356152, -1.406819, 0.826214), (0.0714, 0.2399, -0.0243, 0.9679)
0.9040544, (-4.356152, -1.406819, 0.826214), (0.0714, 0.2399, -0.0243, 0.9679)
0.9176573, (-4.356152, -1.406819, 0.826214), (0.0714, 0.2399, -0.0243, 0.9679)
0.9315355, (-4.356152, -1.406819, 0.826214), (0.0714, 0.2399, -0.0243, 0.9679)
0.9449569, (-4.356152, -1.406819, 0.826214), (0.0714, 0.2399, -0.0243, 0.9679)
0.958968, (-4.356152, -1.406819, 0.826214), (0.0714, 0.2399, -0.0243, 0.9679)
0.972712, (-4.356152, -1.406819, 0.826214), (0.0714, 0.2399, -0.0243, 0.9679)
0.9866817, (-4.356152, -1.406819, 0.826214), (0.0714, 0.2399, -0.0243, 0.9679)
1.001681, (-4.356152, -1.406819, 0.826214), (0.0714, 0.2399, -0.0243, 0.9679)
1.01649, (-4.356152, -1.406819, 0.826214), (0.0714, 0.2399, -0.0243, 0.9679)
1.03142, (-4.356152, -1.406819, 0.826214), (0.0714, 0.2399, -0.0243, 0.9679)
1.045869, (-4.356152, -1.406819, 0.826214), (0.0714, 0.2399, -0.0243, 0.9679)
1.059616, (-4.356152, -1.406819, 0.826214), (0.0714, 0.2399, -0.0243, 0.9679)
1.073982, (-4.356152, -1.406819, 0.826214), (0.0714, 0.2399, -0.0243, 0.9679)
1.088954, (-4.356152, -1.406819, 0.826214), (0.0714, 0.2399, -0.0243, 0.9679)
1.10358, (-4.356152, -1.406819, 0.826214), (0.0714, 0.2399, -0.0243, 0.9679)
1.118526, (-4.356152, -1.406819, 0.826214), (0.0714, 0.2399, -0.0243, 0.9679)
1.133272, (-4.356152, -1.406819, 0.826214), (0.0714, 0.2399, -0.0243, 0.9679)
1.14763, (-4.356152, -1.406819, 0.826214), (0.0714, 0.2399, -0.0243, 0.9679)
1.162573, (-4.356152, -1.406819, 0.826214), (0.0714, 0.2399, -0.0243, 0.9679)
1.176298, (-4.356152, -1.406819, 0.826214), (0.0714, 0.2399, -0.0243, 0.9679)
1.189853, (-4.356152, -1.406819, 0.826214), (0.0714, 0.2399, -0.0243, 0.9679)
1.20398, (-4.356152, -1.406819, 0.826214), (0.0714, 0.2399, -0.0243, 0.9679)
1.218144, (-4.356152, -1.406819, 0.826214), (0.0714, 0.2399, -0.0243, 0.9679)
1.232456, (-4.356152, -1.406819, 0.826214), (0.0714, 0.2399, -0.0243, 0.9679)
1.246319, (-4.356152, -1.406819, 0.826214), (0.0714, 0.2399, -0.0243, 0.9679)
1.26018, (-4.356152, -1.406819, 0.826214), (0.0714, 0.2399, -0.0243, 0.9679)
1.274395, (-4.356152, -1.406819, 0.826214), (0.0714, 0.2399, -0.0243, 0.9679)
1.288402, (-4.356152, -1.406819, 0.826214), (0.0714, 0.2399, -0.0243, 0.9679)
1.302351, (-4.356152, -1.406819, 0.826214), (0.0714, 0.2399, -0.0243, 0.9679)
1.316351, (-4.356152, -1.406819, 0.826214), (0.0714, 0.2399, -0.0243, 0.9679)
1.330021, (-4.356152, -1.406819, 0.826214), (0.0714, 0.2399, -0.0243, 0.9679)
1.344266, (-4.356152, -1.406819, 0.826214), (0.0714, 0.2399, -0.0243, 0.9679)
1.358107, (-4.356152, -1.406819, 0.826214), (0.0714, 0.2399, -0.0243, 0.9679)
1.372358, (-4.356152, -1.406819, 0.826214), (0.0714, 0.2399, -0.0243, 0.9679)
1.386286, (-4.356152, -1.406819, 0.826214), (0.0714, 0.2399, -0.0243, 0.9679)
1.39995, (-4.356152, -1.406819, 0.826214), (0.0714, 0.2399, -0.0243, 0.9679)
1.413842, (-4.356152, -1.406819, 0.826214), (0.0714, 0.2399, -0.0243, 0.9679)
1.428062, (-4.356152, -1.406819, 0.826214), (0.0714, 0.2399, -0.0243, 0.9679)
1.442094, (-4.356152, -1.406819, 0.826214), (0.0714, 0.2399, -0.0243, 0.9679)
1.456024, (-4.356152, -1.406819, 0.826214), (0.0714, 0.2399, -0.0243, 0.9679)
1.46987, (-4.356152, -1.406819, 0.826214), (0.0714, 0.2399, -0.0243, 0.9679)
1.48415, (-4.356152, -1.406819, 0.826214), (0.0714, 0.2399, -0.0243, 0.9679)
1.497918, (-4.356152, -1.406819, 0.826214), (0.0714, 0.2399, -0.0243, 0.9679)
1.511789, (-4.356152, -1.406819, 0.826214), (0.0714, 0.2399, -0.0243, 0.9679)
1.525591, (-4.356152, -1.406819, 0.826214), (0.0714, 0.2399, -0.0243, 0.9679)
1.539733, (-4.356152, -1.406819, 0.826214), (0.0714, 0.2399, -0.0243, 0.9679)
1.553861, (-4.356152, -1.406819, 0.826214), (0.0714, 0.2399, -0.0243, 0.9679)
1.56755, (-4.356152, -1.406819, 0.826214), (0.0714, 0.2399, -0.0243, 0.9679)
1.581792, (-4.356152, -1.406819, 0.826214), (0.0714, 0.2399, -0.0243, 0.9679)
1.595444, (-4.356152, -1.406819, 0.826214), (0.0714, 0.2399, -0.0243, 0.9679)
1.609675, (-4.356152, -1.406819, 0.826214), (0.0714, 0.2399, -0.0243, 0.9679)
1.623292, (-4.356152, -1.406819, 0.826214), (0.0714, 0.2399, -0.0243, 0.9679)
1.637585, (-4.356152, -1.406819, 0.826214), (0.0714, 0.2399, -0.0243, 0.9679)
1.651493, (-4.356152, -1.406819, 0.826214), (0.0714, 0.2399, -0.0243, 0.9679)
1.664883, (-4.356152, -1.406819, 0.826214), (0.0714, 0.2399, -0.0243, 0.9679)
1.678926, (-4.356152, -1.406819, 0.826214), (0.0714, 0.2399, -0.0243, 0.9679)
1.694446, (-4.356152, -1.406819, 0.826214), (0.0714, 0.2399, -0.0243, 0.9679)
1.707093, (-4.356152, -1.406819, 0.826214), (0.0714, 0.2399, -0.0243, 0.9679)
1.720841, (-4.356152, -1.406819, 0.826214), (0.0714, 0.2399, -0.0243, 0.9679)
1.734777, (-4.356152, -1.406819, 0.826214), (0.0714, 0.2399, -0.0243, 0.9679)
1.748358, (-4.356152, -1.406819, 0.826214), (0.0714, 0.2399, -0.0243, 0.9679)
1.762218, (-4.356152, -1.406819, 0.826214), (0.0714, 0.2399, -0.0243, 0.9679)
1.776145, (-4.356152, -1.406819, 0.826214), (0.0714, 0.2399, -0.0243, 0.9679)
1.790058, (-4.356152, -1.406819, 0.826214), (0.0714, 0.2399, -0.0243, 0.9679)
1.803936, (-4.356152, -1.406819, 0.826214), (0.0714, 0.2399, -0.0243, 0.9679)
1.818154, (-4.356152, -1.406819, 0.826214), (0.0714, 0.2399, -0.0243, 0.9679)
1.832162, (-4.356152, -1.406819, 0.826214), (0.0714, 0.2399, -0.0243, 0.9679)
1.845927, (-4.356152, -1.406819, 0.826214), (0.0714, 0.2399, -0.0243, 0.9679)
1.85968, (-4.356152, -1.406819, 0.826214), (0.0714, 0.2399, -0.0243, 0.9679)
1.873808, (-4.356152, -1.406819, 0.826214), (0.0714, 0.2399, -0.0243, 0.9679)
1.887609, (-4.356152, -1.406819, 0.826214), (0.0714, 0.2399, -0.0243, 0.9679)
1.901543, (-4.356152, -1.406819, 0.826214), (0.0714, 0.2399, -0.0243, 0.9679)
1.915366, (-4.356152, -1.406819, 0.826214), (0.0714, 0.2399, -0.0243, 0.9679)
1.929354, (-4.356152, -1.406819, 0.826214), (0.0714, 0.2399, -0.0243, 0.9679)
1.943468, (-4.356152, -1.406819, 0.826214), (0.0714, 0.2399, -0.0243, 0.9679)
1.95733, (-4.356152, -1.406819, 0.826214), (0.0714, 0.2399, -0.0243, 0.9679)
1.971435, (-4.356152, -1.406819, 0.826214), (0.0714, 0.2399, -0.0243, 0.9679)
1.985329, (-4.356152, -1.406819, 0.826214), (0.0714, 0.2399, -0.0243, 0.9679)
1.999202, (-4.356152, -1.406819, 0.826214), (0.0714, 0.2399, -0.0243, 0.9679)
2.013004, (-4.356152, -1.406819, 0.826214), (0.0714, 0.2399, -0.0243, 0.9679)
2.026933, (-4.356152, -1.406819, 0.826214), (0.0714, 0.2399, -0.0243, 0.9679)
2.041152, (-4.356152, -1.406819, 0.826214), (0.0714, 0.2399, -0.0243, 0.9679)
2.054651, (-4.356152, -1.406819, 0.826214), (0.0714, 0.2399, -0.0243, 0.9679)
2.06935, (-4.356152, -1.406819, 0.826214), (0.0714, 0.2399, -0.0243, 0.9679)
2.082, (-4.356152, -1.406819, 0.826214), (0.0714, 0.2399, -0.0243, 0.9679)
2.095595, (-4.356152, -1.406819, 0.826214), (0.0714, 0.2399, -0.0243, 0.9679)
2.109394, (-4.356152, -1.406819, 0.826214), (0.0714, 0.2399, -0.0243, 0.9679)
2.123305, (-4.356152, -1.406819, 0.826214), (0.0714, 0.2399, -0.0243, 0.9679)
2.137237, (-4.356152, -1.406819, 0.826214), (0.0714, 0.2399, -0.0243, 0.9679)
2.151281, (-4.356152, -1.406819, 0.826214), (0.0714, 0.2399, -0.0243, 0.9679)
2.164102, (-4.356152, -1.406819, 0.826214), (0.0714, 0.2399, -0.0243, 0.9679)
2.177846, (-4.356152, -1.406819, 0.826214), (0.0714, 0.2399, -0.0243, 0.9679)
2.192189, (-4.356152, -1.406819, 0.826214), (0.0714, 0.2399, -0.0243, 0.9679)
2.205358, (-4.356152, -1.406819, 0.826214), (0.0714, 0.2399, -0.0243, 0.9679)
2.219261, (-4.356152, -1.406819, 0.826214), (0.0714, 0.2399, -0.0243, 0.9679)
2.233547, (-4.356152, -1.406819, 0.826214), (0.0714, 0.2399, -0.0243, 0.9679)
2.247463, (-4.356152, -1.406819, 0.826214), (0.0714, 0.2399, -0.0243, 0.9679)
2.261577, (-4.356152, -1.406819, 0.826214), (0.0714, 0.2399, -0.0243, 0.9679)
2.275776, (-4.356152, -1.406819, 0.826214), (0.0714, 0.2399, -0.0243, 0.9679)
2.289783, (-4.356152, -1.406819, 0.826214), (0.0714, 0.2399, -0.0243, 0.9679)
2.30372, (-4.356152, -1.406819, 0.826214), (0.0714, 0.2399, -0.0243, 0.9679)
2.317566, (-4.356152, -1.406819, 0.826214), (0.0714, 0.2399, -0.0243, 0.9679)
2.331236, (-4.356152, -1.406819, 0.826214), (0.0714, 0.2399, -0.0243, 0.9679)
2.345479, (-4.356152, -1.406819, 0.826214), (0.0714, 0.2399, -0.0243, 0.9679)
2.359283, (-4.356152, -1.406819, 0.826214), (0.0714, 0.2399, -0.0243, 0.9679)
2.373404, (-4.356152, -1.406819, 0.826214), (0.0714, 0.2399, -0.0243, 0.9679)
2.387171, (-4.356152, -1.406819, 0.826214), (0.0714, 0.2399, -0.0243, 0.9679)
2.400596, (-4.356152, -1.406819, 0.826214), (0.0714, 0.2399, -0.0243, 0.9679)
2.414496, (-4.356152, -1.406819, 0.826214), (0.0714, 0.2399, -0.0243, 0.9679)
2.428296, (-4.356152, -1.406819, 0.826214), (0.0714, 0.2399, -0.0243, 0.9679)
2.442239, (-4.356152, -1.406819, 0.826214), (0.0714, 0.2399, -0.0243, 0.9679)
2.456363, (-4.356152, -1.406819, 0.826214), (0.0714, 0.2399, -0.0243, 0.9679)
2.470513, (-4.356152, -1.406819, 0.826214), (0.0714, 0.2399, -0.0243, 0.9679)
2.484692, (-4.356152, -1.406819, 0.826214), (0.0714, 0.2399, -0.0243, 0.9679)
2.498807, (-4.356152, -1.406819, 0.826214), (0.0714, 0.2399, -0.0243, 0.9679)
2.512213, (-4.356152, -1.406819, 0.826214), (0.0714, 0.2399, -0.0243, 0.9679)
2.526731, (-4.356152, -1.406819, 0.826214), (0.0714, 0.2399, -0.0243, 0.9679)
2.540259, (-4.356152, -1.406819, 0.826214), (0.0714, 0.2399, -0.0243, 0.9679)
2.553642, (-4.356152, -1.406819, 0.826214), (0.0714, 0.2399, -0.0243, 0.9679)
2.567678, (-4.356152, -1.406819, 0.826214), (0.0714, 0.2399, -0.0243, 0.9679)
2.581148, (-4.356152, -1.406819, 0.826214), (0.0714, 0.2399, -0.0243, 0.9679)
2.595114, (-4.356152, -1.406819, 0.826214), (0.0714, 0.2399, -0.0243, 0.9679)
2.608832, (-4.356152, -1.406819, 0.826214), (0.0714, 0.2399, -0.0243, 0.9679)
2.623094, (-4.356152, -1.406819, 0.826214), (0.0714, 0.2399, -0.0243, 0.9679)
2.636833, (-4.356152, -1.406819, 0.826214), (0.0714, 0.2399, -0.0243, 0.9679)
2.650662, (-4.356152, -1.406819, 0.826214), (0.0714, 0.2399, -0.0243, 0.9679)
2.664169, (-4.356152, -1.406819, 0.826214), (0.0714, 0.2399, -0.0243, 0.9679)
2.678162, (-4.356152, -1.406819, 0.826214), (0.0714, 0.2399, -0.0243, 0.9679)
2.693102, (-4.356152, -1.406819, 0.826214), (0.0714, 0.2399, -0.0243, 0.9679)
2.706317, (-4.356152, -1.406819, 0.826214), (0.0714, 0.2399, -0.0243, 0.9679)
2.720085, (-4.356152, -1.406819, 0.826214), (0.0714, 0.2399, -0.0243, 0.9679)
2.733984, (-4.356152, -1.406819, 0.826214), (0.0714, 0.2399, -0.0243, 0.9679)
2.747503, (-4.356152, -1.406819, 0.826214), (0.0714, 0.2399, -0.0243, 0.9679)
2.761126, (-4.356152, -1.406819, 0.826214), (0.0714, 0.2399, -0.0243, 0.9679)
2.774874, (-4.356152, -1.406819, 0.826214), (0.0714, 0.2399, -0.0243, 0.9679)
2.788946, (-4.356152, -1.406819, 0.826214), (0.0714, 0.2399, -0.0243, 0.9679)
2.803248, (-4.356152, -1.406819, 0.826214), (0.0714, 0.2399, -0.0243, 0.9679)
2.816764, (-4.356152, -1.406819, 0.826214), (0.0714, 0.2399, -0.0243, 0.9679)
2.830978, (-4.356152, -1.406819, 0.826214), (0.0714, 0.2399, -0.0243, 0.9679)
2.845206, (-4.356152, -1.406819, 0.826214), (0.0714, 0.2399, -0.0243, 0.9679)
2.858507, (-4.356152, -1.406819, 0.826214), (0.0714, 0.2399, -0.0243, 0.9679)
2.871635, (-4.356152, -1.406819, 0.826214), (0.0714, 0.2399, -0.0243, 0.9679)
2.885617, (-4.356152, -1.406819, 0.826214), (0.0714, 0.2399, -0.0243, 0.9679)
2.899409, (-4.356152, -1.406819, 0.826214), (0.0714, 0.2399, -0.0243, 0.9679)
2.913369, (-4.356152, -1.406819, 0.826214), (0.0714, 0.2399, -0.0243, 0.9679)
2.927835, (-4.356152, -1.406819, 0.826214), (0.0714, 0.2399, -0.0243, 0.9679)
2.941573, (-4.356152, -1.406819, 0.826214), (0.0714, 0.2399, -0.0243, 0.9679)
2.955414, (-4.356152, -1.406819, 0.826214), (0.0714, 0.2399, -0.0243, 0.9679)
2.969587, (-4.356152, -1.406819, 0.826214), (0.0714, 0.2399, -0.0243, 0.9679)
2.983524, (-4.356152, -1.406819, 0.826214), (0.0714, 0.2399, -0.0243, 0.9679)
2.997213, (-4.356152, -1.406819, 0.826214), (0.0714, 0.2399, -0.0243, 0.9679)
3.011732, (-4.356152, -1.406819, 0.826214), (0.0714, 0.2399, -0.0243, 0.9679)
3.02435, (-4.356152, -1.406819, 0.826214), (0.0714, 0.2399, -0.0243, 0.9679)
3.037958, (-4.356152, -1.406819, 0.826214), (0.0714, 0.2399, -0.0243, 0.9679)
3.05202, (-4.356152, -1.406819, 0.826214), (0.0714, 0.2399, -0.0243, 0.9679)
3.065207, (-4.356152, -1.406819, 0.826214), (0.0714, 0.2399, -0.0243, 0.9679)
3.078752, (-4.356152, -1.406819, 0.826214), (0.0714, 0.2399, -0.0243, 0.9679)
3.092371, (-4.356152, -1.406819, 0.826214), (0.0714, 0.2399, -0.0243, 0.9679)
3.106105, (-4.356152, -1.406819, 0.826214), (0.0714, 0.2399, -0.0243, 0.9679)
3.119948, (-4.356152, -1.406819, 0.826214), (0.0714, 0.2399, -0.0243, 0.9679)
3.13322, (-4.356152, -1.406819, 0.826214), (0.0714, 0.2399, -0.0243, 0.9679)
3.14672, (-4.356152, -1.406819, 0.826214), (0.0714, 0.2399, -0.0243, 0.9679)
3.160941, (-4.356152, -1.406819, 0.826214), (0.0714, 0.2399, -0.0243, 0.9679)
3.174228, (-4.356152, -1.406819, 0.826214), (0.0714, 0.2399, -0.0243, 0.9679)
3.188298, (-4.356152, -1.406819, 0.826214), (0.0714, 0.2399, -0.0243, 0.9679)
3.202435, (-4.356152, -1.406819, 0.826214), (0.0714, 0.2399, -0.0243, 0.9679)
3.216567, (-4.356152, -1.406819, 0.826214), (0.0714, 0.2399, -0.0243, 0.9679)
3.230825, (-4.356152, -1.406819, 0.826214), (0.0714, 0.2399, -0.0243, 0.9679)
3.24539, (-4.356152, -1.406819, 0.826214), (0.0714, 0.2399, -0.0243, 0.9679)
3.258484, (-4.356152, -1.406819, 0.826214), (0.0714, 0.2399, -0.0243, 0.9679)
3.271687, (-4.356152, -1.406819, 0.826214), (0.0714, 0.2399, -0.0243, 0.9679)
3.285834, (-4.356152, -1.406819, 0.826214), (0.0714, 0.2399, -0.0243, 0.9679)
3.299327, (-4.356152, -1.406819, 0.826214), (0.0714, 0.2399, -0.0243, 0.9679)
3.312298, (-4.356152, -1.406819, 0.826214), (0.0714, 0.2399, -0.0243, 0.9679)
3.326099, (-4.356152, -1.406819, 0.826214), (0.0714, 0.2399, -0.0243, 0.9679)
3.339815, (-4.356152, -1.406819, 0.826214), (0.0714, 0.2399, -0.0243, 0.9679)
3.354565, (-4.356152, -1.406819, 0.826214), (0.0714, 0.2399, -0.0243, 0.9679)
3.368301, (-4.356152, -1.406819, 0.826214), (0.0714, 0.2399, -0.0243, 0.9679)
3.382154, (-4.356152, -1.406819, 0.826214), (0.0714, 0.2399, -0.0243, 0.9679)
3.396362, (-4.356152, -1.406819, 0.826214), (0.0714, 0.2399, -0.0243, 0.9679)
3.410691, (-4.356152, -1.406819, 0.826214), (0.0714, 0.2399, -0.0243, 0.9679)
3.424627, (-4.356152, -1.406819, 0.826214), (0.0714, 0.2399, -0.0243, 0.9679)
3.438801, (-4.356152, -1.406819, 0.826214), (0.0714, 0.2399, -0.0243, 0.9679)
3.452902, (-4.356152, -1.406819, 0.826214), (0.0714, 0.2399, -0.0243, 0.9679)
3.466792, (-4.356152, -1.406819, 0.826214), (0.0714, 0.2399, -0.0243, 0.9679)
3.480721, (-4.356152, -1.406819, 0.826214), (0.0714, 0.2399, -0.0243, 0.9679)
3.494774, (-4.356152, -1.406819, 0.826214), (0.0714, 0.2399, -0.0243, 0.9679)
3.507698, (-4.356152, -1.406819, 0.826214), (0.0714, 0.2399, -0.0243, 0.9679)
3.521443, (-4.356152, -1.406819, 0.826214), (0.0714, 0.2399, -0.0243, 0.9679)
3.53535, (-4.356152, -1.406819, 0.826214), (0.0714, 0.2399, -0.0243, 0.9679)
3.549268, (-4.356152, -1.406819, 0.826214), (0.0714, 0.2399, -0.0243, 0.9679)
3.563223, (-4.356152, -1.406819, 0.826214), (0.0714, 0.2399, -0.0243, 0.9679)
3.577028, (-4.356152, -1.406819, 0.826214), (0.0714, 0.2399, -0.0243, 0.9679)
3.591288, (-4.356152, -1.406819, 0.826214), (0.0714, 0.2399, -0.0243, 0.9679)
3.604934, (-4.356152, -1.406819, 0.826214), (0.0714, 0.2399, -0.0243, 0.9679)
3.619044, (-4.356152, -1.406819, 0.826214), (0.0714, 0.2399, -0.0243, 0.9679)
3.63301, (-4.356152, -1.406819, 0.826214), (0.0714, 0.2399, -0.0243, 0.9679)
3.647267, (-4.356152, -1.406819, 0.826214), (0.0714, 0.2399, -0.0243, 0.9679)
3.660947, (-4.356152, -1.406819, 0.826214), (0.0714, 0.2399, -0.0243, 0.9679)
3.675463, (-4.356152, -1.406819, 0.826214), (0.0714, 0.2399, -0.0243, 0.9679)
3.68971, (-4.356152, -1.406819, 0.826214), (0.0714, 0.2399, -0.0243, 0.9679)
3.703455, (-4.356152, -1.406819, 0.826214), (0.0714, 0.2399, -0.0243, 0.9679)
3.717036, (-4.356152, -1.406819, 0.826214), (0.0714, 0.2399, -0.0243, 0.9679)
3.730851, (-4.356152, -1.406819, 0.826214), (0.0714, 0.2399, -0.0243, 0.9679)
3.744429, (-4.356152, -1.406819, 0.826214), (0.0714, 0.2399, -0.0243, 0.9679)
3.759758, (-4.356152, -1.406819, 0.826214), (0.0714, 0.2399, -0.0243, 0.9679)
3.773179, (-4.356152, -1.406819, 0.826214), (0.0714, 0.2399, -0.0243, 0.9679)
3.787114, (-4.356152, -1.406819, 0.826214), (0.0714, 0.2399, -0.0243, 0.9679)
3.800918, (-4.356152, -1.406819, 0.826214), (0.0714, 0.2399, -0.0243, 0.9679)
3.814588, (-4.356152, -1.406819, 0.826214), (0.0714, 0.2399, -0.0243, 0.9679)
3.828206, (-4.356152, -1.406819, 0.826214), (0.0714, 0.2399, -0.0243, 0.9679)
3.842227, (-4.356152, -1.406819, 0.826214), (0.0714, 0.2399, -0.0243, 0.9679)
3.855941, (-4.356152, -1.406819, 0.826214), (0.0714, 0.2399, -0.0243, 0.9679)
3.869842, (-4.356152, -1.406819, 0.826214), (0.0714, 0.2399, -0.0243, 0.9679)
3.883827, (-4.356152, -1.406819, 0.826214), (0.0714, 0.2399, -0.0243, 0.9679)
3.897813, (-4.356152, -1.406819, 0.826214), (0.0714, 0.2399, -0.0243, 0.9679)
3.911507, (-4.356152, -1.406819, 0.826214), (0.0714, 0.2399, -0.0243, 0.9679)
3.925258, (-4.356152, -1.406819, 0.826214), (0.0714, 0.2399, -0.0243, 0.9679)
3.939191, (-4.356152, -1.406819, 0.826214), (0.0714, 0.2399, -0.0243, 0.9679)
3.953112, (-4.356152, -1.406819, 0.826214), (0.0714, 0.2399, -0.0243, 0.9679)
3.966837, (-4.356152, -1.406819, 0.826214), (0.0714, 0.2399, -0.0243, 0.9679)
3.981159, (-4.356152, -1.406819, 0.826214), (0.0714, 0.2399, -0.0243, 0.9679)
3.994394, (-4.356152, -1.406819, 0.826214), (0.0714, 0.2399, -0.0243, 0.9679)
4.008043, (-4.356152, -1.406819, 0.826214), (0.0714, 0.2399, -0.0243, 0.9679)
4.022133, (-4.356152, -1.406819, 0.826214), (0.0714, 0.2399, -0.0243, 0.9679)
4.036041, (-4.356152, -1.406819, 0.826214), (0.0714, 0.2399, -0.0243, 0.9679)
4.050156, (-4.356152, -1.406819, 0.826214), (0.0714, 0.2399, -0.0243, 0.9679)
4.062805, (-4.356152, -1.406819, 0.826214), (0.0714, 0.2399, -0.0243, 0.9679)
4.076987, (-4.356152, -1.406819, 0.826214), (0.0714, 0.2399, -0.0243, 0.9679)
4.090809, (-4.356152, -1.406819, 0.826214), (0.0714, 0.2399, -0.0243, 0.9679)
4.104709, (-4.356152, -1.406819, 0.826214), (0.0714, 0.2399, -0.0243, 0.9679)
4.118614, (-4.356152, -1.406819, 0.826214), (0.0714, 0.2399, -0.0243, 0.9679)
4.132697, (-4.356152, -1.406819, 0.826214), (0.0714, 0.2399, -0.0243, 0.9679)
4.146762, (-4.356152, -1.406819, 0.826214), (0.0714, 0.2399, -0.0243, 0.9679)
4.16075, (-4.356152, -1.406819, 0.826214), (0.0714, 0.2399, -0.0243, 0.9679)
4.173885, (-4.356152, -1.406819, 0.826214), (0.0714, 0.2399, -0.0243, 0.9679)
4.188593, (-4.356152, -1.406819, 0.826214), (0.0714, 0.2399, -0.0243, 0.9679)
4.214793, (-4.356152, -1.406819, 0.826214), (0.0714, 0.2399, -0.0243, 0.9679)
4.228652, (-4.356152, -1.406819, 0.826214), (0.0714, 0.2399, -0.0243, 0.9679)
4.2429, (-4.356152, -1.406819, 0.826214), (0.0714, 0.2399, -0.0243, 0.9679)
4.256475, (-4.356152, -1.406819, 0.826214), (0.0714, 0.2399, -0.0243, 0.9679)
4.270627, (-4.356152, -1.406819, 0.826214), (0.0714, 0.2399, -0.0243, 0.9679)
4.284728, (-4.356152, -1.406819, 0.826214), (0.0714, 0.2399, -0.0243, 0.9679)
4.298605, (-4.356152, -1.406819, 0.826214), (0.0714, 0.2399, -0.0243, 0.9679)
4.312446, (-4.356152, -1.406819, 0.826214), (0.0714, 0.2399, -0.0243, 0.9679)
4.326786, (-4.356152, -1.406819, 0.826214), (0.0714, 0.2399, -0.0243, 0.9679)
4.341148, (-4.356152, -1.406819, 0.826214), (0.0714, 0.2399, -0.0243, 0.9679)
4.353359, (-4.356152, -1.406819, 0.826214), (0.0714, 0.2399, -0.0243, 0.9679)
4.367265, (-4.356152, -1.406819, 0.826214), (0.0714, 0.2399, -0.0243, 0.9679)
4.381328, (-4.356152, -1.406819, 0.826214), (0.0714, 0.2399, -0.0243, 0.9679)
4.395621, (-4.356152, -1.406819, 0.826214), (0.0714, 0.2399, -0.0243, 0.9679)
4.409525, (-4.356152, -1.406819, 0.826214), (0.0714, 0.2399, -0.0243, 0.9679)
4.423398, (-4.356152, -1.406819, 0.826214), (0.0714, 0.2399, -0.0243, 0.9679)
4.437457, (-4.356152, -1.406819, 0.826214), (0.0714, 0.2399, -0.0243, 0.9679)
4.451519, (-4.356152, -1.406819, 0.826214), (0.0714, 0.2399, -0.0243, 0.9679)
4.465118, (-4.356152, -1.406819, 0.826214), (0.0714, 0.2399, -0.0243, 0.9679)
4.4795, (-4.356152, -1.406819, 0.826214), (0.0714, 0.2399, -0.0243, 0.9679)
4.493037, (-4.356152, -1.406819, 0.826214), (0.0714, 0.2399, -0.0243, 0.9679)
4.507055, (-4.356152, -1.406819, 0.826214), (0.0714, 0.2399, -0.0243, 0.9679)
4.520133, (-4.356152, -1.406819, 0.826214), (0.0714, 0.2399, -0.0243, 0.9679)
4.533896, (-4.356152, -1.406819, 0.826214), (0.0714, 0.2399, -0.0243, 0.9679)
4.547213, (-4.356152, -1.406819, 0.826214), (0.0714, 0.2399, -0.0243, 0.9679)
4.560653, (-4.356152, -1.406819, 0.826214), (0.0714, 0.2399, -0.0243, 0.9679)
4.574696, (-4.356152, -1.406819, 0.826214), (0.0714, 0.2399, -0.0243, 0.9679)
4.588922, (-4.356152, -1.406819, 0.826214), (0.0714, 0.2399, -0.0243, 0.9679)
4.602573, (-4.356152, -1.406819, 0.826214), (0.0714, 0.2399, -0.0243, 0.9679)
4.616517, (-4.356152, -1.406819, 0.826214), (0.0714, 0.2399, -0.0243, 0.9679)
4.63121, (-4.356152, -1.406819, 0.826214), (0.0714, 0.2399, -0.0243, 0.9679)
4.645254, (-4.356152, -1.406819, 0.826214), (0.0714, 0.2399, -0.0243, 0.9679)
4.659843, (-4.356152, -1.406819, 0.826214), (0.0714, 0.2399, -0.0243, 0.9679)
4.672857, (-4.356152, -1.406819, 0.826214), (0.0714, 0.2399, -0.0243, 0.9679)
4.687015, (-4.356152, -1.406819, 0.826214), (0.0714, 0.2399, -0.0243, 0.9679)
4.701419, (-4.356152, -1.406819, 0.826214), (0.0714, 0.2399, -0.0243, 0.9679)
4.715399, (-4.356152, -1.406819, 0.826214), (0.0714, 0.2399, -0.0243, 0.9679)
4.729699, (-4.356152, -1.406819, 0.826214), (0.0714, 0.2399, -0.0243, 0.9679)
4.743489, (-4.356152, -1.406819, 0.826214), (0.0714, 0.2399, -0.0243, 0.9679)
4.755693, (-4.356152, -1.406819, 0.826214), (0.0714, 0.2399, -0.0243, 0.9679)
4.769722, (-4.356152, -1.406819, 0.826214), (0.0714, 0.2399, -0.0243, 0.9679)
4.783777, (-4.356152, -1.406819, 0.826214), (0.0714, 0.2399, -0.0243, 0.9679)
4.797541, (-4.356152, -1.406819, 0.826214), (0.0714, 0.2399, -0.0243, 0.9679)
4.811458, (-4.356152, -1.406819, 0.826214), (0.0714, 0.2399, -0.0243, 0.9679)
4.82546, (-4.356152, -1.406819, 0.826214), (0.0714, 0.2399, -0.0243, 0.9679)
4.839633, (-4.356152, -1.406819, 0.826214), (0.0714, 0.2399, -0.0243, 0.9679)
4.853851, (-4.356152, -1.406819, 0.826214), (0.0714, 0.2399, -0.0243, 0.9679)
4.867816, (-4.356152, -1.406819, 0.826214), (0.0714, 0.2399, -0.0243, 0.9679)
4.881949, (-4.356152, -1.406819, 0.826214), (0.0714, 0.2399, -0.0243, 0.9679)
4.895877, (-4.356152, -1.406819, 0.826214), (0.0714, 0.2399, -0.0243, 0.9679)
4.910205, (-4.356152, -1.406819, 0.826214), (0.0714, 0.2399, -0.0243, 0.9679)
4.923588, (-4.356152, -1.406819, 0.826214), (0.0714, 0.2399, -0.0243, 0.9679)
4.937854, (-4.356152, -1.406819, 0.826214), (0.0714, 0.2399, -0.0243, 0.9679)
4.951763, (-4.356152, -1.406819, 0.826214), (0.0714, 0.2399, -0.0243, 0.9679)
4.96453, (-4.356152, -1.406819, 0.826214), (0.0714, 0.2399, -0.0243, 0.9679)
4.978631, (-4.356152, -1.406819, 0.826214), (0.0714, 0.2399, -0.0243, 0.9679)
4.992249, (-4.356152, -1.406819, 0.826214), (0.0714, 0.2399, -0.0243, 0.9679)
5.00476, (-4.356152, -1.406819, 0.826214), (0.0714, 0.2399, -0.0243, 0.9679)
5.018579, (-4.356152, -1.406819, 0.826214), (0.0714, 0.2399, -0.0243, 0.9679)
5.032832, (-4.356152, -1.406819, 0.826214), (0.0714, 0.2399, -0.0243, 0.9679)
5.046659, (-4.356152, -1.406819, 0.826214), (0.0714, 0.2399, -0.0243, 0.9679)
5.060826, (-4.356152, -1.406819, 0.826214), (0.0714, 0.2399, -0.0243, 0.9679)
5.074388, (-4.356152, -1.406819, 0.826214), (0.0714, 0.2399, -0.0243, 0.9679)
5.088928, (-4.356152, -1.406819, 0.826214), (0.0714, 0.2399, -0.0243, 0.9679)
5.102496, (-4.356152, -1.406819, 0.826214), (0.0714, 0.2399, -0.0243, 0.9679)
5.116303, (-4.356152, -1.406819, 0.826214), (0.0714, 0.2399, -0.0243, 0.9679)
5.131428, (-4.356152, -1.406819, 0.826214), (0.0714, 0.2399, -0.0243, 0.9679)
5.145031, (-4.356152, -1.406819, 0.826214), (0.0714, 0.2399, -0.0243, 0.9679)
5.158352, (-4.356152, -1.406819, 0.826214), (0.0714, 0.2399, -0.0243, 0.9679)
5.171132, (-4.356152, -1.406819, 0.826214), (0.0714, 0.2399, -0.0243, 0.9679)
5.185086, (-4.356152, -1.406819, 0.826214), (0.0714, 0.2399, -0.0243, 0.9679)
5.199184, (-4.356152, -1.406819, 0.826214), (0.0714, 0.2399, -0.0243, 0.9679)
5.213093, (-4.356152, -1.406819, 0.826214), (0.0714, 0.2399, -0.0243, 0.9679)
5.228026, (-4.356152, -1.406819, 0.826214), (0.0714, 0.2399, -0.0243, 0.9679)
5.241913, (-4.356152, -1.406819, 0.826214), (0.0714, 0.2399, -0.0243, 0.9679)
5.255544, (-4.356152, -1.406819, 0.826214), (0.0714, 0.2399, -0.0243, 0.9679)
5.270053, (-4.356152, -1.406819, 0.826214), (0.0714, 0.2399, -0.0243, 0.9679)
5.284, (-4.356152, -1.406819, 0.826214), (0.0714, 0.2399, -0.0243, 0.9679)
5.297436, (-4.356152, -1.406819, 0.826214), (0.0714, 0.2399, -0.0243, 0.9679)
5.31127, (-4.356152, -1.406819, 0.826214), (0.0714, 0.2399, -0.0243, 0.9679)
5.324806, (-4.356152, -1.406819, 0.826214), (0.0714, 0.2399, -0.0243, 0.9679)
5.338521, (-4.356152, -1.406819, 0.826214), (0.0714, 0.2399, -0.0243, 0.9679)
5.35256, (-4.356152, -1.406819, 0.826214), (0.0714, 0.2399, -0.0243, 0.9679)
5.36592, (-4.356152, -1.406819, 0.826214), (0.0714, 0.2399, -0.0243, 0.9679)
5.379384, (-4.356152, -1.406819, 0.826214), (0.0714, 0.2399, -0.0243, 0.9679)
5.406915, (-4.356152, -1.406819, 0.826214), (0.0714, 0.2399, -0.0243, 0.9679)
5.422348, (-4.356152, -1.406819, 0.826214), (0.0714, 0.2399, -0.0243, 0.9679)
5.437065, (-4.356152, -1.406819, 0.826214), (0.0714, 0.2399, -0.0243, 0.9679)
5.451007, (-4.356152, -1.406819, 0.826214), (0.0714, 0.2399, -0.0243, 0.9679)
5.464967, (-4.356152, -1.406819, 0.826214), (0.0714, 0.2399, -0.0243, 0.9679)
5.479274, (-4.356152, -1.406819, 0.826214), (0.0714, 0.2399, -0.0243, 0.9679)
5.493431, (-4.356152, -1.406819, 0.826214), (0.0714, 0.2399, -0.0243, 0.9679)
5.507718, (-4.356152, -1.406819, 0.826214), (0.0714, 0.2399, -0.0243, 0.9679)
5.52148, (-4.356152, -1.406819, 0.826214), (0.0714, 0.2399, -0.0243, 0.9679)
5.535767, (-4.356152, -1.406819, 0.826214), (0.0714, 0.2399, -0.0243, 0.9679)
5.54976, (-4.356152, -1.406819, 0.826214), (0.0714, 0.2399, -0.0243, 0.9679)
5.563596, (-4.356152, -1.406819, 0.826214), (0.0714, 0.2399, -0.0243, 0.9679)
5.57738, (-4.356152, -1.406819, 0.826214), (0.0714, 0.2399, -0.0243, 0.9679)
5.591393, (-4.356152, -1.406819, 0.826214), (0.0714, 0.2399, -0.0243, 0.9679)
5.60465, (-4.356152, -1.406819, 0.826214), (0.0714, 0.2399, -0.0243, 0.9679)
5.618665, (-4.356152, -1.406819, 0.826214), (0.0714, 0.2399, -0.0243, 0.9679)
5.632345, (-4.356152, -1.406819, 0.826214), (0.0714, 0.2399, -0.0243, 0.9679)
5.646082, (-4.356152, -1.406819, 0.826214), (0.0714, 0.2399, -0.0243, 0.9679)
5.660125, (-4.356152, -1.406819, 0.826214), (0.0714, 0.2399, -0.0243, 0.9679)
5.673863, (-4.356152, -1.406819, 0.826214), (0.0714, 0.2399, -0.0243, 0.9679)
5.687806, (-4.356152, -1.406819, 0.826214), (0.0714, 0.2399, -0.0243, 0.9679)
5.701986, (-4.356152, -1.406819, 0.826214), (0.0714, 0.2399, -0.0243, 0.9679)
5.715957, (-4.356152, -1.406819, 0.826214), (0.0714, 0.2399, -0.0243, 0.9679)
5.730077, (-4.356152, -1.406819, 0.826214), (0.0714, 0.2399, -0.0243, 0.9679)
5.743974, (-4.356152, -1.406819, 0.826214), (0.0714, 0.2399, -0.0243, 0.9679)
5.757892, (-4.356152, -1.406819, 0.826214), (0.0714, 0.2399, -0.0243, 0.9679)
5.771835, (-4.356152, -1.406819, 0.826214), (0.0714, 0.2399, -0.0243, 0.9679)
5.786114, (-4.356152, -1.406819, 0.826214), (0.0714, 0.2399, -0.0243, 0.9679)
5.798676, (-4.356152, -1.406819, 0.826214), (0.0714, 0.2399, -0.0243, 0.9679)
5.812304, (-4.356152, -1.406819, 0.826214), (0.0714, 0.2399, -0.0243, 0.9679)
5.826532, (-4.356152, -1.406819, 0.826214), (0.0714, 0.2399, -0.0243, 0.9679)
5.840497, (-4.356152, -1.406819, 0.826214), (0.0714, 0.2399, -0.0243, 0.9679)
5.854658, (-4.356152, -1.406819, 0.826214), (0.0714, 0.2399, -0.0243, 0.9679)
5.868771, (-4.356152, -1.406819, 0.826214), (0.0714, 0.2399, -0.0243, 0.9679)
5.882865, (-4.356152, -1.406819, 0.826214), (0.0714, 0.2399, -0.0243, 0.9679)
5.896893, (-4.356152, -1.406819, 0.826214), (0.0714, 0.2399, -0.0243, 0.9679)
5.910852, (-4.356152, -1.406819, 0.826214), (0.0714, 0.2399, -0.0243, 0.9679)
5.924866, (-4.356152, -1.406819, 0.826214), (0.0714, 0.2399, -0.0243, 0.9679)
5.938951, (-4.356152, -1.406819, 0.826214), (0.0714, 0.2399, -0.0243, 0.9679)
5.952846, (-4.356152, -1.406819, 0.826214), (0.0714, 0.2399, -0.0243, 0.9679)
5.966765, (-4.356152, -1.406819, 0.826214), (0.0714, 0.2399, -0.0243, 0.9679)
5.980973, (-4.356152, -1.406819, 0.826214), (0.0714, 0.2399, -0.0243, 0.9679)
5.994259, (-4.356152, -1.406819, 0.826214), (0.0714, 0.2399, -0.0243, 0.9679)
6.007653, (-4.356152, -1.406819, 0.826214), (0.0714, 0.2399, -0.0243, 0.9679)
6.021881, (-4.356152, -1.406819, 0.826214), (0.0714, 0.2399, -0.0243, 0.9679)
6.035898, (-4.356152, -1.406819, 0.826214), (0.0714, 0.2399, -0.0243, 0.9679)
6.049957, (-4.356152, -1.406819, 0.826214), (0.0714, 0.2399, -0.0243, 0.9679)
6.06508, (-4.356152, -1.406819, 0.826214), (0.0714, 0.2399, -0.0243, 0.9679)
6.077943, (-4.356152, -1.406819, 0.826214), (0.0714, 0.2399, -0.0243, 0.9679)
6.09184, (-4.356152, -1.406819, 0.826214), (0.0714, 0.2399, -0.0243, 0.9679)
6.106017, (-4.356152, -1.406819, 0.826214), (0.0714, 0.2399, -0.0243, 0.9679)
6.120099, (-4.356152, -1.406819, 0.826214), (0.0714, 0.2399, -0.0243, 0.9679)
6.133461, (-4.356152, -1.406819, 0.826214), (0.0714, 0.2399, -0.0243, 0.9679)
6.147264, (-4.356152, -1.406819, 0.826214), (0.0714, 0.2399, -0.0243, 0.9679)
6.16125, (-4.356152, -1.406819, 0.826214), (0.0714, 0.2399, -0.0243, 0.9679)
6.175525, (-4.356152, -1.406819, 0.826214), (0.0714, 0.2399, -0.0243, 0.9679)
6.189487, (-4.356152, -1.406819, 0.826214), (0.0714, 0.2399, -0.0243, 0.9679)
6.203356, (-4.356152, -1.406819, 0.826214), (0.0714, 0.2399, -0.0243, 0.9679)
6.217587, (-4.356152, -1.406819, 0.826214), (0.0714, 0.2399, -0.0243, 0.9679)
6.231324, (-4.356152, -1.406819, 0.826214), (0.0714, 0.2399, -0.0243, 0.9679)
6.245321, (-4.356152, -1.406819, 0.826214), (0.0714, 0.2399, -0.0243, 0.9679)
6.259398, (-4.356152, -1.406819, 0.826214), (0.0714, 0.2399, -0.0243, 0.9679)
6.273046, (-4.356152, -1.406819, 0.826214), (0.0714, 0.2399, -0.0243, 0.9679)
6.287193, (-4.356152, -1.406819, 0.826214), (0.0714, 0.2399, -0.0243, 0.9679)
6.301041, (-4.356152, -1.406819, 0.826214), (0.0714, 0.2399, -0.0243, 0.9679)
6.314773, (-4.356152, -1.406819, 0.826214), (0.0714, 0.2399, -0.0243, 0.9679)
6.329051, (-4.356152, -1.406819, 0.826214), (0.0714, 0.2399, -0.0243, 0.9679)
6.342909, (-4.356152, -1.406819, 0.826214), (0.0714, 0.2399, -0.0243, 0.9679)
6.356715, (-4.356152, -1.406819, 0.826214), (0.0714, 0.2399, -0.0243, 0.9679)
6.37072, (-4.356152, -1.406819, 0.826214), (0.0714, 0.2399, -0.0243, 0.9679)
6.384451, (-4.356152, -1.406819, 0.826214), (0.0714, 0.2399, -0.0243, 0.9679)
6.398075, (-4.356152, -1.406819, 0.826214), (0.0714, 0.2399, -0.0243, 0.9679)
6.412173, (-4.356152, -1.406819, 0.826214), (0.0714, 0.2399, -0.0243, 0.9679)
6.42585, (-4.356152, -1.406819, 0.826214), (0.0714, 0.2399, -0.0243, 0.9679)
6.439802, (-4.356152, -1.406819, 0.826214), (0.0714, 0.2399, -0.0243, 0.9679)
6.453704, (-4.356152, -1.406819, 0.826214), (0.0714, 0.2399, -0.0243, 0.9679)
6.467672, (-4.356152, -1.406819, 0.826214), (0.0714, 0.2399, -0.0243, 0.9679)
6.481668, (-4.356152, -1.406819, 0.826214), (0.0714, 0.2399, -0.0243, 0.9679)
6.495323, (-4.356152, -1.406819, 0.826214), (0.0714, 0.2399, -0.0243, 0.9679)
6.509374, (-4.356152, -1.406819, 0.826214), (0.0714, 0.2399, -0.0243, 0.9679)
6.523524, (-4.356152, -1.406819, 0.826214), (0.0714, 0.2399, -0.0243, 0.9679)
6.536386, (-4.356152, -1.406819, 0.826214), (0.0714, 0.2399, -0.0243, 0.9679)
6.550469, (-4.356152, -1.406819, 0.826214), (0.0714, 0.2399, -0.0243, 0.9679)
6.563879, (-4.356152, -1.406819, 0.826214), (0.0714, 0.2399, -0.0243, 0.9679)
6.57797, (-4.356152, -1.406819, 0.826214), (0.0714, 0.2399, -0.0243, 0.9679)
6.592071, (-4.356152, -1.406819, 0.826214), (0.0714, 0.2399, -0.0243, 0.9679)
6.606225, (-4.356152, -1.406819, 0.826214), (0.0714, 0.2399, -0.0243, 0.9679)
6.619538, (-4.356152, -1.406819, 0.826214), (0.0714, 0.2399, -0.0243, 0.9679)
6.633077, (-4.356152, -1.406819, 0.826214), (0.0714, 0.2399, -0.0243, 0.9679)
6.646864, (-4.356152, -1.406819, 0.826214), (0.0714, 0.2399, -0.0243, 0.9679)
6.661037, (-4.356152, -1.406819, 0.826214), (0.0714, 0.2399, -0.0243, 0.9679)
6.675228, (-4.356152, -1.406819, 0.826214), (0.0714, 0.2399, -0.0243, 0.9679)
6.689039, (-4.356152, -1.406819, 0.826214), (0.0714, 0.2399, -0.0243, 0.9679)
6.703502, (-4.356152, -1.406819, 0.826214), (0.0714, 0.2399, -0.0243, 0.9679)
6.717407, (-4.356152, -1.406819, 0.826214), (0.0714, 0.2399, -0.0243, 0.9679)
6.731271, (-4.356152, -1.406819, 0.826214), (0.0714, 0.2399, -0.0243, 0.9679)
6.744431, (-4.356152, -1.406819, 0.826214), (0.0714, 0.2399, -0.0243, 0.9679)
6.757778, (-4.356152, -1.406819, 0.826214), (0.0714, 0.2399, -0.0243, 0.9679)
6.771781, (-4.356152, -1.406819, 0.826214), (0.0714, 0.2399, -0.0243, 0.9679)
6.785907, (-4.356152, -1.406819, 0.826214), (0.0714, 0.2399, -0.0243, 0.9679)
6.79991, (-4.356152, -1.406819, 0.826214), (0.0714, 0.2399, -0.0243, 0.9679)
6.814127, (-4.356152, -1.406819, 0.826214), (0.0714, 0.2399, -0.0243, 0.9679)
6.828051, (-4.356152, -1.406819, 0.826214), (0.0714, 0.2399, -0.0243, 0.9679)
6.842143, (-4.356152, -1.406819, 0.826214), (0.0714, 0.2399, -0.0243, 0.9679)
6.856297, (-4.356152, -1.406819, 0.826214), (0.0714, 0.2399, -0.0243, 0.9679)
6.870276, (-4.356152, -1.406819, 0.826214), (0.0714, 0.2399, -0.0243, 0.9679)
6.884294, (-4.356152, -1.406819, 0.826214), (0.0714, 0.2399, -0.0243, 0.9679)
6.899167, (-4.356152, -1.406819, 0.826214), (0.0714, 0.2399, -0.0243, 0.9679)
6.912265, (-4.356152, -1.406819, 0.826214), (0.0714, 0.2399, -0.0243, 0.9679)
6.926109, (-4.356152, -1.406819, 0.826214), (0.0714, 0.2399, -0.0243, 0.9679)
6.940117, (-4.356152, -1.406819, 0.826214), (0.0714, 0.2399, -0.0243, 0.9679)
6.953932, (-4.356152, -1.406819, 0.826214), (0.0714, 0.2399, -0.0243, 0.9679)
6.968183, (-4.356152, -1.406819, 0.826214), (0.0714, 0.2399, -0.0243, 0.9679)
6.981911, (-4.356152, -1.406819, 0.826214), (0.0714, 0.2399, -0.0243, 0.9679)
6.99579, (-4.356152, -1.406819, 0.826214), (0.0714, 0.2399, -0.0243, 0.9679)
7.010006, (-4.356152, -1.406819, 0.826214), (0.0714, 0.2399, -0.0243, 0.9679)
7.023746, (-4.356152, -1.406819, 0.826214), (0.0714, 0.2399, -0.0243, 0.9679)
7.037634, (-4.356152, -1.406819, 0.826214), (0.0714, 0.2399, -0.0243, 0.9679)
7.051564, (-4.356152, -1.406819, 0.826214), (0.0714, 0.2399, -0.0243, 0.9679)
7.06573, (-4.356152, -1.406819, 0.826214), (0.0714, 0.2399, -0.0243, 0.9679)
7.079752, (-4.356152, -1.406819, 0.826214), (0.0714, 0.2399, -0.0243, 0.9679)
7.093796, (-4.356152, -1.406819, 0.826214), (0.0714, 0.2399, -0.0243, 0.9679)
7.107296, (-4.356152, -1.406819, 0.826214), (0.0714, 0.2399, -0.0243, 0.9679)
7.121259, (-4.356152, -1.406819, 0.826214), (0.0714, 0.2399, -0.0243, 0.9679)
7.135247, (-4.356152, -1.406819, 0.826214), (0.0714, 0.2399, -0.0243, 0.9679)
7.14896, (-4.356152, -1.406819, 0.826214), (0.0714, 0.2399, -0.0243, 0.9679)
7.162858, (-4.356152, -1.406819, 0.826214), (0.0714, 0.2399, -0.0243, 0.9679)
7.176935, (-4.356152, -1.406819, 0.826214), (0.0714, 0.2399, -0.0243, 0.9679)
7.190958, (-4.356152, -1.406819, 0.826214), (0.0714, 0.2399, -0.0243, 0.9679)
7.204958, (-4.356152, -1.406819, 0.826214), (0.0714, 0.2399, -0.0243, 0.9679)
7.219013, (-4.356152, -1.406819, 0.826214), (0.0714, 0.2399, -0.0243, 0.9679)
7.232814, (-4.356152, -1.406819, 0.826214), (0.0714, 0.2399, -0.0243, 0.9679)
7.246733, (-4.356152, -1.406819, 0.826214), (0.0714, 0.2399, -0.0243, 0.9679)
7.26065, (-4.356152, -1.406819, 0.826214), (0.0714, 0.2399, -0.0243, 0.9679)
7.274635, (-4.356152, -1.406819, 0.826214), (0.0714, 0.2399, -0.0243, 0.9679)
7.288496, (-4.356152, -1.406819, 0.826214), (0.0714, 0.2399, -0.0243, 0.9679)
7.301399, (-4.356152, -1.406819, 0.826214), (0.0714, 0.2399, -0.0243, 0.9679)
7.315328, (-4.356152, -1.406819, 0.826214), (0.0714, 0.2399, -0.0243, 0.9679)
7.329237, (-4.356152, -1.406819, 0.826214), (0.0714, 0.2399, -0.0243, 0.9679)
7.343169, (-4.356152, -1.406819, 0.826214), (0.0714, 0.2399, -0.0243, 0.9679)
7.35722, (-4.356152, -1.406819, 0.826214), (0.0714, 0.2399, -0.0243, 0.9679)
7.37115, (-4.356152, -1.406819, 0.826214), (0.0714, 0.2399, -0.0243, 0.9679)
7.384555, (-4.356152, -1.406819, 0.826214), (0.0714, 0.2399, -0.0243, 0.9679)
7.397945, (-4.356152, -1.406819, 0.826214), (0.0714, 0.2399, -0.0243, 0.9679)
7.411637, (-4.356152, -1.406819, 0.826214), (0.0714, 0.2399, -0.0243, 0.9679)
7.425961, (-4.356152, -1.406819, 0.826214), (0.0714, 0.2399, -0.0243, 0.9679)
7.440277, (-4.356152, -1.406819, 0.826214), (0.0714, 0.2399, -0.0243, 0.9679)
7.454199, (-4.356152, -1.406819, 0.826214), (0.0714, 0.2399, -0.0243, 0.9679)
7.46834, (-4.356152, -1.406819, 0.826214), (0.0714, 0.2399, -0.0243, 0.9679)
7.482534, (-4.356152, -1.406819, 0.826214), (0.0714, 0.2399, -0.0243, 0.9679)
7.496492, (-4.356152, -1.406819, 0.826214), (0.0714, 0.2399, -0.0243, 0.9679)
7.510903, (-4.356152, -1.406819, 0.826214), (0.0714, 0.2399, -0.0243, 0.9679)
7.524862, (-4.356152, -1.406819, 0.826214), (0.0714, 0.2399, -0.0243, 0.9679)
7.538725, (-4.356152, -1.406819, 0.826214), (0.0714, 0.2399, -0.0243, 0.9679)
7.552639, (-4.356152, -1.406819, 0.826214), (0.0714, 0.2399, -0.0243, 0.9679)
7.566529, (-4.356152, -1.406819, 0.826214), (0.0714, 0.2399, -0.0243, 0.9679)
7.58024, (-4.356152, -1.406819, 0.826214), (0.0714, 0.2399, -0.0243, 0.9679)
7.594236, (-4.356152, -1.406819, 0.826214), (0.0714, 0.2399, -0.0243, 0.9679)
7.608118, (-4.356152, -1.406819, 0.826214), (0.0714, 0.2399, -0.0243, 0.9679)
7.621996, (-4.356152, -1.406819, 0.826214), (0.0714, 0.2399, -0.0243, 0.9679)
7.635125, (-4.356152, -1.406819, 0.826214), (0.0714, 0.2399, -0.0243, 0.9679)
7.64883, (-4.356152, -1.406819, 0.826214), (0.0714, 0.2399, -0.0243, 0.9679)
7.662969, (-4.356152, -1.406819, 0.826214), (0.0714, 0.2399, -0.0243, 0.9679)
7.677107, (-4.356152, -1.406819, 0.826214), (0.0714, 0.2399, -0.0243, 0.9679)
7.691748, (-4.356152, -1.406819, 0.826214), (0.0714, 0.2399, -0.0243, 0.9679)
7.704654, (-4.356152, -1.406819, 0.826214), (0.0714, 0.2399, -0.0243, 0.9679)
7.717891, (-4.356152, -1.406819, 0.826214), (0.0714, 0.2399, -0.0243, 0.9679)
7.731705, (-4.356152, -1.406819, 0.826214), (0.0714, 0.2399, -0.0243, 0.9679)
7.757811, (-4.356152, -1.406819, 0.826214), (0.0714, 0.2399, -0.0243, 0.9679)
7.771521, (-4.356152, -1.406819, 0.826214), (0.0714, 0.2399, -0.0243, 0.9679)
7.785839, (-4.356152, -1.406819, 0.826214), (0.0714, 0.2399, -0.0243, 0.9679)
7.799513, (-4.356152, -1.406819, 0.826214), (0.0714, 0.2399, -0.0243, 0.9679)
7.814029, (-4.356152, -1.406819, 0.826214), (0.0714, 0.2399, -0.0243, 0.9679)
7.827919, (-4.356152, -1.406819, 0.826214), (0.0714, 0.2399, -0.0243, 0.9679)
7.841575, (-4.356152, -1.406819, 0.826214), (0.0714, 0.2399, -0.0243, 0.9679)
7.855692, (-4.356152, -1.406819, 0.826214), (0.0714, 0.2399, -0.0243, 0.9679)
7.869498, (-4.356152, -1.406819, 0.826214), (0.0714, 0.2399, -0.0243, 0.9679)
7.882759, (-4.356152, -1.406819, 0.826214), (0.0714, 0.2399, -0.0243, 0.9679)
7.896736, (-4.356152, -1.406819, 0.826214), (0.0714, 0.2399, -0.0243, 0.9679)
7.911059, (-4.356152, -1.406819, 0.826214), (0.0714, 0.2399, -0.0243, 0.9679)
7.925309, (-4.356152, -1.406819, 0.826214), (0.0714, 0.2399, -0.0243, 0.9679)
7.939486, (-4.356152, -1.406819, 0.826214), (0.0714, 0.2399, -0.0243, 0.9679)
7.953502, (-4.356152, -1.406819, 0.826214), (0.0714, 0.2399, -0.0243, 0.9679)
7.967055, (-4.356152, -1.406819, 0.826214), (0.0714, 0.2399, -0.0243, 0.9679)
7.981262, (-4.356152, -1.406819, 0.826214), (0.0714, 0.2399, -0.0243, 0.9679)
7.995481, (-4.356152, -1.406819, 0.826214), (0.0714, 0.2399, -0.0243, 0.9679)
8.009484, (-4.356152, -1.406819, 0.826214), (0.0714, 0.2399, -0.0243, 0.9679)
8.023601, (-4.356152, -1.406819, 0.826214), (0.0714, 0.2399, -0.0243, 0.9679)
8.037679, (-4.356152, -1.406819, 0.826214), (0.0714, 0.2399, -0.0243, 0.9679)
8.051745, (-4.356152, -1.406819, 0.826214), (0.0714, 0.2399, -0.0243, 0.9679)
8.06584, (-4.356152, -1.406819, 0.826214), (0.0714, 0.2399, -0.0243, 0.9679)
8.080245, (-4.356152, -1.406819, 0.826214), (0.0714, 0.2399, -0.0243, 0.9679)
8.094414, (-4.356152, -1.406819, 0.826214), (0.0714, 0.2399, -0.0243, 0.9679)
8.108133, (-4.356152, -1.406819, 0.826214), (0.0714, 0.2399, -0.0243, 0.9679)
8.121977, (-4.356152, -1.406819, 0.826214), (0.0714, 0.2399, -0.0243, 0.9679)
8.136117, (-4.356152, -1.406819, 0.826214), (0.0714, 0.2399, -0.0243, 0.9679)
8.149435, (-4.356152, -1.406819, 0.826214), (0.0714, 0.2399, -0.0243, 0.9679)
8.163518, (-4.356152, -1.406819, 0.826214), (0.0714, 0.2399, -0.0243, 0.9679)
8.17727, (-4.356152, -1.406819, 0.826214), (0.0714, 0.2399, -0.0243, 0.9679)
8.191463, (-4.356152, -1.406819, 0.826214), (0.0714, 0.2399, -0.0243, 0.9679)
8.205326, (-4.356152, -1.406819, 0.826214), (0.0714, 0.2399, -0.0243, 0.9679)
8.219486, (-4.356152, -1.406819, 0.826214), (0.0714, 0.2399, -0.0243, 0.9679)
8.233095, (-4.356152, -1.406819, 0.826214), (0.0714, 0.2399, -0.0243, 0.9679)
8.247041, (-4.356152, -1.406819, 0.826214), (0.0714, 0.2399, -0.0243, 0.9679)
8.261311, (-4.356152, -1.406819, 0.826214), (0.0714, 0.2399, -0.0243, 0.9679)
8.274486, (-4.356152, -1.406819, 0.826214), (0.0714, 0.2399, -0.0243, 0.9679)
8.288497, (-4.356152, -1.406819, 0.826214), (0.0714, 0.2399, -0.0243, 0.9679)
8.302148, (-4.356152, -1.406819, 0.826214), (0.0714, 0.2399, -0.0243, 0.9679)
8.316154, (-4.356152, -1.406819, 0.826214), (0.0714, 0.2399, -0.0243, 0.9679)
8.329947, (-4.356152, -1.406819, 0.826214), (0.0714, 0.2399, -0.0243, 0.9679)
8.343699, (-4.356152, -1.406819, 0.826214), (0.0714, 0.2399, -0.0243, 0.9679)
8.358035, (-4.356152, -1.406819, 0.826214), (0.0714, 0.2399, -0.0243, 0.9679)
8.370738, (-4.356152, -1.406819, 0.826214), (0.0714, 0.2399, -0.0243, 0.9679)
8.383858, (-4.356152, -1.406819, 0.826214), (0.0714, 0.2399, -0.0243, 0.9679)
8.397395, (-4.356152, -1.406819, 0.826214), (0.0714, 0.2399, -0.0243, 0.9679)
8.411351, (-4.356152, -1.406819, 0.826214), (0.0714, 0.2399, -0.0243, 0.9679)
8.424957, (-4.356152, -1.406819, 0.826214), (0.0714, 0.2399, -0.0243, 0.9679)
8.438809, (-4.356152, -1.406819, 0.826214), (0.0714, 0.2399, -0.0243, 0.9679)
8.452827, (-4.356152, -1.406819, 0.826214), (0.0714, 0.2399, -0.0243, 0.9679)
8.466878, (-4.356152, -1.406819, 0.826214), (0.0714, 0.2399, -0.0243, 0.9679)
8.480743, (-4.356152, -1.406819, 0.826214), (0.0714, 0.2399, -0.0243, 0.9679)
8.494816, (-4.356152, -1.406819, 0.826214), (0.0714, 0.2399, -0.0243, 0.9679)
8.508688, (-4.356152, -1.406819, 0.826214), (0.0714, 0.2399, -0.0243, 0.9679)
8.522249, (-4.356152, -1.406819, 0.826214), (0.0714, 0.2399, -0.0243, 0.9679)
8.536175, (-4.356152, -1.406819, 0.826214), (0.0714, 0.2399, -0.0243, 0.9679)
8.550165, (-4.356152, -1.406819, 0.826214), (0.0714, 0.2399, -0.0243, 0.9679)
8.56551, (-4.356152, -1.406819, 0.826214), (0.0714, 0.2399, -0.0243, 0.9679)
8.578183, (-4.356152, -1.406819, 0.826214), (0.0714, 0.2399, -0.0243, 0.9679)
8.592018, (-4.356152, -1.406819, 0.826214), (0.0714, 0.2399, -0.0243, 0.9679)
8.605843, (-4.356152, -1.406819, 0.826214), (0.0714, 0.2399, -0.0243, 0.9679)
8.62023, (-4.356152, -1.406819, 0.826214), (0.0714, 0.2399, -0.0243, 0.9679)
8.633901, (-4.356152, -1.406819, 0.826214), (0.0714, 0.2399, -0.0243, 0.9679)
8.647973, (-4.356152, -1.406819, 0.826214), (0.0714, 0.2399, -0.0243, 0.9679)
8.661221, (-4.356152, -1.406819, 0.826214), (0.0714, 0.2399, -0.0243, 0.9679)
8.674882, (-4.356152, -1.406819, 0.826214), (0.0714, 0.2399, -0.0243, 0.9679)
8.688547, (-4.356152, -1.406819, 0.826214), (0.0714, 0.2399, -0.0243, 0.9679)
8.703089, (-4.356152, -1.406819, 0.826214), (0.0714, 0.2399, -0.0243, 0.9679)
8.716944, (-4.356152, -1.406819, 0.826214), (0.0714, 0.2399, -0.0243, 0.9679)
8.730898, (-4.356152, -1.406819, 0.826214), (0.0714, 0.2399, -0.0243, 0.9679)
8.744827, (-4.356152, -1.406819, 0.826214), (0.0714, 0.2399, -0.0243, 0.9679)
8.758851, (-4.356152, -1.406819, 0.826214), (0.0714, 0.2399, -0.0243, 0.9679)
8.773005, (-4.356152, -1.406819, 0.826214), (0.0714, 0.2399, -0.0243, 0.9679)
8.786636, (-4.356152, -1.406819, 0.826214), (0.0714, 0.2399, -0.0243, 0.9679)
8.799761, (-4.356152, -1.406819, 0.826214), (0.0714, 0.2399, -0.0243, 0.9679)
8.813576, (-4.356152, -1.406819, 0.826214), (0.0714, 0.2399, -0.0243, 0.9679)
8.827213, (-4.356152, -1.406819, 0.826214), (0.0714, 0.2399, -0.0243, 0.9679)
8.841018, (-4.356152, -1.406819, 0.826214), (0.0714, 0.2399, -0.0243, 0.9679)
8.855292, (-4.356152, -1.406819, 0.826214), (0.0714, 0.2399, -0.0243, 0.9679)
8.86946, (-4.356152, -1.406819, 0.826214), (0.0714, 0.2399, -0.0243, 0.9679)
8.883595, (-4.356152, -1.406819, 0.826214), (0.0714, 0.2399, -0.0243, 0.9679)
8.897637, (-4.356152, -1.406819, 0.826214), (0.0714, 0.2399, -0.0243, 0.9679)
8.911854, (-4.356152, -1.406819, 0.826214), (0.0714, 0.2399, -0.0243, 0.9679)
8.925871, (-4.356152, -1.406819, 0.826214), (0.0714, 0.2399, -0.0243, 0.9679)
8.939868, (-4.356152, -1.406819, 0.826214), (0.0714, 0.2399, -0.0243, 0.9679)
8.954032, (-4.356152, -1.406819, 0.826214), (0.0714, 0.2399, -0.0243, 0.9679)
8.967754, (-4.356152, -1.406819, 0.826214), (0.0714, 0.2399, -0.0243, 0.9679)
8.981668, (-4.356152, -1.406819, 0.826214), (0.0714, 0.2399, -0.0243, 0.9679)
8.995824, (-4.356152, -1.406819, 0.826214), (0.0714, 0.2399, -0.0243, 0.9679)
9.009669, (-4.356152, -1.406819, 0.826214), (0.0714, 0.2399, -0.0243, 0.9679)
9.023594, (-4.356152, -1.406819, 0.826214), (0.0714, 0.2399, -0.0243, 0.9679)
9.037801, (-4.356152, -1.406819, 0.826214), (0.0714, 0.2399, -0.0243, 0.9679)
9.051665, (-4.356152, -1.406819, 0.826214), (0.0714, 0.2399, -0.0243, 0.9679)
9.065627, (-4.356152, -1.406819, 0.826214), (0.0714, 0.2399, -0.0243, 0.9679)
9.079546, (-4.356152, -1.406819, 0.826214), (0.0714, 0.2399, -0.0243, 0.9679)
9.093752, (-4.356152, -1.406819, 0.826214), (0.0714, 0.2399, -0.0243, 0.9679)
9.107666, (-4.356152, -1.406819, 0.826214), (0.0714, 0.2399, -0.0243, 0.9679)
9.121509, (-4.356152, -1.406819, 0.826214), (0.0714, 0.2399, -0.0243, 0.9679)
9.135309, (-4.356152, -1.406819, 0.826214), (0.0714, 0.2399, -0.0243, 0.9679)
9.149161, (-4.356152, -1.406819, 0.826214), (0.0714, 0.2399, -0.0243, 0.9679)
9.162988, (-4.356152, -1.406819, 0.826214), (0.0714, 0.2399, -0.0243, 0.9679)
9.176796, (-4.356152, -1.406819, 0.826214), (0.0714, 0.2399, -0.0243, 0.9679)
9.19084, (-4.356152, -1.406819, 0.826214), (0.0714, 0.2399, -0.0243, 0.9679)
9.20494, (-4.356152, -1.406819, 0.826214), (0.0714, 0.2399, -0.0243, 0.9679)
9.218913, (-4.356152, -1.406819, 0.826214), (0.0714, 0.2399, -0.0243, 0.9679)
9.232636, (-4.356152, -1.406819, 0.826214), (0.0714, 0.2399, -0.0243, 0.9679)
9.246181, (-4.356152, -1.406819, 0.826214), (0.0714, 0.2399, -0.0243, 0.9679)
9.260198, (-4.356152, -1.406819, 0.826214), (0.0714, 0.2399, -0.0243, 0.9679)
9.274016, (-4.356152, -1.406819, 0.826214), (0.0714, 0.2399, -0.0243, 0.9679)
9.287669, (-4.356152, -1.406819, 0.826214), (0.0714, 0.2399, -0.0243, 0.9679)
9.301628, (-4.356152, -1.406819, 0.826214), (0.0714, 0.2399, -0.0243, 0.9679)
9.315689, (-4.356152, -1.406819, 0.826214), (0.0714, 0.2399, -0.0243, 0.9679)
9.329434, (-4.356152, -1.406819, 0.826214), (0.0714, 0.2399, -0.0243, 0.9679)
9.343349, (-4.356152, -1.406819, 0.826214), (0.0714, 0.2399, -0.0243, 0.9679)
9.357747, (-4.356152, -1.406819, 0.826214), (0.0714, 0.2399, -0.0243, 0.9679)
9.371262, (-4.356152, -1.406819, 0.826214), (0.0714, 0.2399, -0.0243, 0.9679)
9.384842, (-4.356152, -1.406819, 0.826214), (0.0714, 0.2399, -0.0243, 0.9679)
9.399681, (-4.356152, -1.406819, 0.826214), (0.0714, 0.2399, -0.0243, 0.9679)
9.413112, (-4.356152, -1.406819, 0.826214), (0.0714, 0.2399, -0.0243, 0.9679)
9.426777, (-4.356152, -1.406819, 0.826214), (0.0714, 0.2399, -0.0243, 0.9679)
9.440679, (-4.356152, -1.406819, 0.826214), (0.0714, 0.2399, -0.0243, 0.9679)
9.454638, (-4.356152, -1.406819, 0.826214), (0.0714, 0.2399, -0.0243, 0.9679)
9.468667, (-4.356152, -1.406819, 0.826214), (0.0714, 0.2399, -0.0243, 0.9679)
9.482663, (-4.356152, -1.406819, 0.826214), (0.0714, 0.2399, -0.0243, 0.9679)
9.496239, (-4.356152, -1.406819, 0.826214), (0.0714, 0.2399, -0.0243, 0.9679)
9.510191, (-4.356152, -1.406819, 0.826214), (0.0714, 0.2399, -0.0243, 0.9679)
9.524075, (-4.356152, -1.406819, 0.826214), (0.0714, 0.2399, -0.0243, 0.9679)
9.537963, (-4.356152, -1.406819, 0.826214), (0.0714, 0.2399, -0.0243, 0.9679)
9.551886, (-4.356152, -1.406819, 0.826214), (0.0714, 0.2399, -0.0243, 0.9679)
9.565806, (-4.356152, -1.406819, 0.826214), (0.0714, 0.2399, -0.0243, 0.9679)
9.579919, (-4.356152, -1.406819, 0.826214), (0.0714, 0.2399, -0.0243, 0.9679)
9.593804, (-4.356152, -1.406819, 0.826214), (0.0714, 0.2399, -0.0243, 0.9679)
9.607778, (-4.356152, -1.406819, 0.826214), (0.0714, 0.2399, -0.0243, 0.9679)
9.621787, (-4.356152, -1.406819, 0.826214), (0.0714, 0.2399, -0.0243, 0.9679)
9.635852, (-4.356152, -1.406819, 0.826214), (0.0714, 0.2399, -0.0243, 0.9679)
9.649512, (-4.356152, -1.406819, 0.826214), (0.0714, 0.2399, -0.0243, 0.9679)
9.662875, (-4.356152, -1.406819, 0.826214), (0.0714, 0.2399, -0.0243, 0.9679)
9.67662, (-4.356152, -1.406819, 0.826214), (0.0714, 0.2399, -0.0243, 0.9679)
9.691144, (-4.356152, -1.406819, 0.826214), (0.0714, 0.2399, -0.0243, 0.9679)
9.705135, (-4.356152, -1.406819, 0.826214), (0.0714, 0.2399, -0.0243, 0.9679)
9.718353, (-4.356152, -1.406819, 0.826214), (0.0714, 0.2399, -0.0243, 0.9679)
9.732058, (-4.356152, -1.406819, 0.826214), (0.0714, 0.2399, -0.0243, 0.9679)
9.74507, (-4.356152, -1.406819, 0.826214), (0.0714, 0.2399, -0.0243, 0.9679)
9.758848, (-4.356152, -1.406819, 0.826214), (0.0714, 0.2399, -0.0243, 0.9679)
9.773391, (-4.356152, -1.406819, 0.826214), (0.0714, 0.2399, -0.0243, 0.9679)
9.786616, (-4.356152, -1.406819, 0.826214), (0.0714, 0.2399, -0.0243, 0.9679)
9.800214, (-4.356152, -1.406819, 0.826214), (0.0714, 0.2399, -0.0243, 0.9679)
9.81398, (-4.356152, -1.406819, 0.826214), (0.0714, 0.2399, -0.0243, 0.9679)
9.827857, (-4.356152, -1.406819, 0.826214), (0.0714, 0.2399, -0.0243, 0.9679)
9.842262, (-4.356152, -1.406819, 0.826214), (0.0714, 0.2399, -0.0243, 0.9679)
9.856136, (-4.356152, -1.406819, 0.826214), (0.0714, 0.2399, -0.0243, 0.9679)
9.870256, (-4.356152, -1.406819, 0.826214), (0.0714, 0.2399, -0.0243, 0.9679)
9.884227, (-4.356152, -1.406819, 0.826214), (0.0714, 0.2399, -0.0243, 0.9679)
9.89895, (-4.356152, -1.406819, 0.826214), (0.0714, 0.2399, -0.0243, 0.9679)
9.911806, (-4.356152, -1.406819, 0.826214), (0.0714, 0.2399, -0.0243, 0.9679)
9.925662, (-4.356152, -1.406819, 0.826214), (0.0714, 0.2399, -0.0243, 0.9679)
9.939609, (-4.356152, -1.406819, 0.826214), (0.0714, 0.2399, -0.0243, 0.9679)
9.952955, (-4.356152, -1.406819, 0.826214), (0.0714, 0.2399, -0.0243, 0.9679)
9.966835, (-4.356152, -1.406819, 0.826214), (0.0714, 0.2399, -0.0243, 0.9679)
9.981119, (-4.356152, -1.406819, 0.826214), (0.0714, 0.2399, -0.0243, 0.9679)
9.995608, (-4.356152, -1.406819, 0.826214), (0.0714, 0.2399, -0.0243, 0.9679)
10.00813, (-4.356152, -1.406819, 0.826214), (0.0714, 0.2399, -0.0243, 0.9679)
10.02253, (-4.356152, -1.406819, 0.826214), (0.0714, 0.2399, -0.0243, 0.9679)
10.03602, (-4.356152, -1.406819, 0.826214), (0.0714, 0.2399, -0.0243, 0.9679)
10.05025, (-4.356152, -1.406819, 0.826214), (0.0714, 0.2399, -0.0243, 0.9679)
10.06451, (-4.356152, -1.406819, 0.826214), (0.0714, 0.2399, -0.0243, 0.9679)
10.07708, (-4.356152, -1.406819, 0.826214), (0.0714, 0.2399, -0.0243, 0.9679)
10.09088, (-4.356152, -1.406819, 0.826214), (0.0714, 0.2399, -0.0243, 0.9679)
10.10429, (-4.356152, -1.406819, 0.826214), (0.0714, 0.2399, -0.0243, 0.9679)
10.11827, (-4.356152, -1.406819, 0.826214), (0.0714, 0.2399, -0.0243, 0.9679)
10.13204, (-4.356152, -1.406819, 0.826214), (0.0714, 0.2399, -0.0243, 0.9679)
10.14628, (-4.356152, -1.406819, 0.826214), (0.0714, 0.2399, -0.0243, 0.9679)
10.16006, (-4.356152, -1.406819, 0.826214), (0.0714, 0.2399, -0.0243, 0.9679)
10.17445, (-4.356152, -1.406819, 0.826214), (0.0714, 0.2399, -0.0243, 0.9679)
10.18854, (-4.356152, -1.406819, 0.826214), (0.0714, 0.2399, -0.0243, 0.9679)
10.20231, (-4.356152, -1.406819, 0.826214), (0.0714, 0.2399, -0.0243, 0.9679)
10.2164, (-4.356152, -1.406819, 0.826214), (0.0714, 0.2399, -0.0243, 0.9679)
10.23154, (-4.356152, -1.406819, 0.826214), (0.0714, 0.2399, -0.0243, 0.9679)
10.24445, (-4.356152, -1.406819, 0.826214), (0.0714, 0.2399, -0.0243, 0.9679)
10.25855, (-4.356152, -1.406819, 0.826214), (0.0714, 0.2399, -0.0243, 0.9679)
10.27244, (-4.356152, -1.406819, 0.826214), (0.0714, 0.2399, -0.0243, 0.9679)
10.28607, (-4.356152, -1.406819, 0.826214), (0.0714, 0.2399, -0.0243, 0.9679)
10.3002, (-4.356152, -1.406819, 0.826214), (0.0714, 0.2399, -0.0243, 0.9679)
10.31426, (-4.356152, -1.406819, 0.826214), (0.0714, 0.2399, -0.0243, 0.9679)
10.32818, (-4.356152, -1.406819, 0.826214), (0.0714, 0.2399, -0.0243, 0.9679)
10.34223, (-4.356152, -1.406819, 0.826214), (0.0714, 0.2399, -0.0243, 0.9679)
10.3552, (-4.356152, -1.406819, 0.826214), (0.0714, 0.2399, -0.0243, 0.9679)
10.36996, (-4.356152, -1.406819, 0.826214), (0.0714, 0.2399, -0.0243, 0.9679)
10.38551, (-4.356152, -1.406819, 0.826214), (0.0714, 0.2399, -0.0243, 0.9679)
10.40026, (-4.356152, -1.406819, 0.826214), (0.0714, 0.2399, -0.0243, 0.9679)
10.41614, (-4.356152, -1.406819, 0.826214), (0.0714, 0.2399, -0.0243, 0.9679)
10.43042, (-4.356152, -1.406819, 0.826214), (0.0714, 0.2399, -0.0243, 0.9679)
10.44479, (-4.356152, -1.406819, 0.826214), (0.0714, 0.2399, -0.0243, 0.9679)
10.45954, (-4.356152, -1.406819, 0.826214), (0.0714, 0.2399, -0.0243, 0.9679)
10.47436, (-4.356152, -1.406819, 0.826214), (0.0714, 0.2399, -0.0243, 0.9679)
10.48847, (-4.356152, -1.406819, 0.826214), (0.0714, 0.2399, -0.0243, 0.9679)
10.50312, (-4.356152, -1.406819, 0.826214), (0.0714, 0.2399, -0.0243, 0.9679)
10.51739, (-4.356152, -1.406819, 0.826214), (0.0714, 0.2399, -0.0243, 0.9679)
10.53177, (-4.356152, -1.406819, 0.826214), (0.0714, 0.2399, -0.0243, 0.9679)
10.54583, (-4.356152, -1.406819, 0.826214), (0.0714, 0.2399, -0.0243, 0.9679)
10.55994, (-4.356152, -1.406819, 0.826214), (0.0714, 0.2399, -0.0243, 0.9679)
10.57354, (-4.356152, -1.406819, 0.826214), (0.0714, 0.2399, -0.0243, 0.9679)
10.58774, (-4.356152, -1.406819, 0.826214), (0.0714, 0.2399, -0.0243, 0.9679)
10.60172, (-4.356152, -1.406819, 0.826214), (0.0714, 0.2399, -0.0243, 0.9679)
10.6151, (-4.356152, -1.406819, 0.826214), (0.0714, 0.2399, -0.0243, 0.9679)
10.62893, (-4.356152, -1.406819, 0.826214), (0.0714, 0.2399, -0.0243, 0.9679)
10.64306, (-4.356152, -1.406819, 0.826214), (0.0714, 0.2399, -0.0243, 0.9679)
10.65653, (-4.356152, -1.406819, 0.826214), (0.0714, 0.2399, -0.0243, 0.9679)
10.67059, (-4.356152, -1.406819, 0.826214), (0.0714, 0.2399, -0.0243, 0.9679)
10.68443, (-4.356152, -1.406819, 0.826214), (0.0714, 0.2399, -0.0243, 0.9679)
10.69877, (-4.356152, -1.406819, 0.826214), (0.0714, 0.2399, -0.0243, 0.9679)
10.71511, (-4.356152, -1.406819, 0.826214), (0.0714, 0.2399, -0.0243, 0.9679)
10.7289, (-4.356152, -1.406819, 0.826214), (0.0714, 0.2399, -0.0243, 0.9679)
10.75752, (-4.356152, -1.406819, 0.826214), (0.0714, 0.2399, -0.0243, 0.9679)
10.77379, (-4.356152, -1.406819, 0.826214), (0.0714, 0.2399, -0.0243, 0.9679)
10.78677, (-4.356152, -1.406819, 0.826214), (0.0714, 0.2399, -0.0243, 0.9679)
10.80055, (-4.356152, -1.406819, 0.826214), (0.0714, 0.2399, -0.0243, 0.9679)
10.81418, (-4.356152, -1.406819, 0.826214), (0.0714, 0.2399, -0.0243, 0.9679)
10.82727, (-4.356152, -1.406819, 0.826214), (0.0714, 0.2399, -0.0243, 0.9679)
10.84062, (-4.356152, -1.406819, 0.826214), (0.0714, 0.2399, -0.0243, 0.9679)
10.85369, (-4.356152, -1.406819, 0.826214), (0.0714, 0.2399, -0.0243, 0.9679)
10.8667, (-4.356152, -1.406819, 0.826214), (0.0714, 0.2399, -0.0243, 0.9679)
10.88021, (-4.356152, -1.406819, 0.826214), (0.0714, 0.2399, -0.0243, 0.9679)
10.89378, (-4.356152, -1.406819, 0.826214), (0.0714, 0.2399, -0.0243, 0.9679)
10.90669, (-4.356152, -1.406819, 0.826214), (0.0714, 0.2399, -0.0243, 0.9679)
10.9213, (-4.356152, -1.406819, 0.826214), (0.0714, 0.2399, -0.0243, 0.9679)
10.93557, (-4.356152, -1.406819, 0.826214), (0.0714, 0.2399, -0.0243, 0.9679)
10.94818, (-4.356152, -1.406819, 0.826214), (0.0714, 0.2399, -0.0243, 0.9679)
10.96224, (-4.356152, -1.406819, 0.826214), (0.0714, 0.2399, -0.0243, 0.9679)
10.97633, (-4.356152, -1.406819, 0.826214), (0.0714, 0.2399, -0.0243, 0.9679)
10.99034, (-4.356152, -1.406819, 0.826214), (0.0714, 0.2399, -0.0243, 0.9679)
11.00448, (-4.356152, -1.406819, 0.826214), (0.0714, 0.2399, -0.0243, 0.9679)
11.01843, (-4.356152, -1.406819, 0.826214), (0.0714, 0.2399, -0.0243, 0.9679)
11.03253, (-4.356152, -1.406819, 0.826214), (0.0714, 0.2399, -0.0243, 0.9679)
11.04652, (-4.356152, -1.406819, 0.826214), (0.0714, 0.2399, -0.0243, 0.9679)
11.06032, (-4.356152, -1.406819, 0.826214), (0.0714, 0.2399, -0.0243, 0.9679)
11.07499, (-4.356152, -1.406819, 0.826214), (0.0714, 0.2399, -0.0243, 0.9679)
11.101, (-4.356152, -1.406819, 0.826214), (0.0714, 0.2399, -0.0243, 0.9679)
11.11474, (-4.356152, -1.406819, 0.826214), (0.0714, 0.2399, -0.0243, 0.9679)
11.12708, (-4.356152, -1.406819, 0.826214), (0.0714, 0.2399, -0.0243, 0.9679)
11.13999, (-4.356152, -1.406819, 0.826214), (0.0714, 0.2399, -0.0243, 0.9679)
11.15293, (-4.356152, -1.406819, 0.826214), (0.0714, 0.2399, -0.0243, 0.9679)
11.16596, (-4.356152, -1.406819, 0.826214), (0.0714, 0.2399, -0.0243, 0.9679)
11.17894, (-4.356152, -1.406819, 0.826214), (0.0714, 0.2399, -0.0243, 0.9679)
11.19227, (-4.356152, -1.406819, 0.826214), (0.0714, 0.2399, -0.0243, 0.9679)
11.20576, (-4.356152, -1.406819, 0.826214), (0.0714, 0.2399, -0.0243, 0.9679)
11.21886, (-4.356152, -1.406819, 0.826214), (0.0714, 0.2399, -0.0243, 0.9679)
11.23251, (-4.356152, -1.406819, 0.826214), (0.0714, 0.2399, -0.0243, 0.9679)
11.24672, (-4.356152, -1.406819, 0.826214), (0.0714, 0.2399, -0.0243, 0.9679)
11.2597, (-4.356152, -1.406819, 0.826214), (0.0714, 0.2399, -0.0243, 0.9679)
11.27241, (-4.356152, -1.406819, 0.826214), (0.0714, 0.2399, -0.0243, 0.9679)
11.28586, (-4.356152, -1.406819, 0.826214), (0.0714, 0.2399, -0.0243, 0.9679)
11.29949, (-4.356152, -1.406819, 0.826214), (0.0714, 0.2399, -0.0243, 0.9679)
11.31382, (-4.356152, -1.406819, 0.826214), (0.0714, 0.2399, -0.0243, 0.9679)
11.32727, (-4.356152, -1.406819, 0.826214), (0.0714, 0.2399, -0.0243, 0.9679)
11.34147, (-4.356152, -1.406819, 0.826214), (0.0714, 0.2399, -0.0243, 0.9679)
11.35503, (-4.356152, -1.406819, 0.826214), (0.0714, 0.2399, -0.0243, 0.9679)
11.36888, (-4.356152, -1.406819, 0.826214), (0.0714, 0.2399, -0.0243, 0.9679)
11.38293, (-4.356152, -1.406819, 0.826214), (0.0714, 0.2399, -0.0243, 0.9679)
11.39686, (-4.356152, -1.406819, 0.826214), (0.0714, 0.2399, -0.0243, 0.9679)
11.41088, (-4.356152, -1.406819, 0.826214), (0.0714, 0.2399, -0.0243, 0.9679)
11.42479, (-4.356152, -1.406819, 0.826214), (0.0714, 0.2399, -0.0243, 0.9679)
11.43932, (-4.356152, -1.406819, 0.826214), (0.0714, 0.2399, -0.0243, 0.9679)
11.4528, (-4.356152, -1.406819, 0.826214), (0.0714, 0.2399, -0.0243, 0.9679)
11.46638, (-4.356152, -1.406819, 0.826214), (0.0714, 0.2399, -0.0243, 0.9679)
11.48061, (-4.356152, -1.406819, 0.826214), (0.0714, 0.2399, -0.0243, 0.9679)
11.49469, (-4.356152, -1.406819, 0.826214), (0.0714, 0.2399, -0.0243, 0.9679)
11.50872, (-4.356152, -1.406819, 0.826214), (0.0714, 0.2399, -0.0243, 0.9679)
11.52257, (-4.356152, -1.406819, 0.826214), (0.0714, 0.2399, -0.0243, 0.9679)
11.53675, (-4.356152, -1.406819, 0.826214), (0.0714, 0.2399, -0.0243, 0.9679)
11.55066, (-4.356152, -1.406819, 0.826214), (0.0714, 0.2399, -0.0243, 0.9679)
11.56467, (-4.356152, -1.406819, 0.826214), (0.0714, 0.2399, -0.0243, 0.9679)
11.57846, (-4.356152, -1.406819, 0.826214), (0.0714, 0.2399, -0.0243, 0.9679)
11.59211, (-4.356152, -1.406819, 0.826214), (0.0714, 0.2399, -0.0243, 0.9679)
11.60612, (-4.356152, -1.406819, 0.826214), (0.0714, 0.2399, -0.0243, 0.9679)
11.6188, (-4.356152, -1.406819, 0.826214), (0.0714, 0.2399, -0.0243, 0.9679)
11.63259, (-4.356152, -1.406819, 0.826214), (0.0714, 0.2399, -0.0243, 0.9679)
11.6468, (-4.356152, -1.406819, 0.826214), (0.0714, 0.2399, -0.0243, 0.9679)
11.66034, (-4.356152, -1.406819, 0.826214), (0.0714, 0.2399, -0.0243, 0.9679)
11.67449, (-4.356152, -1.406819, 0.826214), (0.0714, 0.2399, -0.0243, 0.9679)
11.68883, (-4.356152, -1.406819, 0.826214), (0.0714, 0.2399, -0.0243, 0.9679)
11.70251, (-4.356152, -1.406819, 0.826214), (0.0714, 0.2399, -0.0243, 0.9679)
11.71663, (-4.356152, -1.406819, 0.826214), (0.0714, 0.2399, -0.0243, 0.9679)
11.73127, (-4.356152, -1.406819, 0.826214), (0.0714, 0.2399, -0.0243, 0.9679)
11.74445, (-4.356152, -1.406819, 0.826214), (0.0714, 0.2399, -0.0243, 0.9679)
11.75828, (-4.356152, -1.406819, 0.826214), (0.0714, 0.2399, -0.0243, 0.9679)
11.77237, (-4.356152, -1.406819, 0.826214), (0.0714, 0.2399, -0.0243, 0.9679)
11.78658, (-4.356152, -1.406819, 0.826214), (0.0714, 0.2399, -0.0243, 0.9679)
11.80079, (-4.356152, -1.406819, 0.826214), (0.0714, 0.2399, -0.0243, 0.9679)
11.81458, (-4.356152, -1.406819, 0.826214), (0.0714, 0.2399, -0.0243, 0.9679)
11.82834, (-4.356152, -1.406819, 0.826214), (0.0714, 0.2399, -0.0243, 0.9679)
11.84222, (-4.356152, -1.406819, 0.826214), (0.0714, 0.2399, -0.0243, 0.9679)
11.85628, (-4.356152, -1.406819, 0.826214), (0.0714, 0.2399, -0.0243, 0.9679)
11.86932, (-4.356152, -1.406819, 0.826214), (0.0714, 0.2399, -0.0243, 0.9679)
11.88275, (-4.356152, -1.406819, 0.826214), (0.0714, 0.2399, -0.0243, 0.9679)
11.89682, (-4.356152, -1.406819, 0.826214), (0.0714, 0.2399, -0.0243, 0.9679)
11.91179, (-4.356152, -1.406819, 0.826214), (0.0714, 0.2399, -0.0243, 0.9679)
11.92478, (-4.356152, -1.406819, 0.826214), (0.0714, 0.2399, -0.0243, 0.9679)
11.9391, (-4.356152, -1.406819, 0.826214), (0.0714, 0.2399, -0.0243, 0.9679)
11.95262, (-4.356152, -1.406819, 0.826214), (0.0714, 0.2399, -0.0243, 0.9679)
11.96614, (-4.356152, -1.406819, 0.826214), (0.0714, 0.2399, -0.0243, 0.9679)
11.98011, (-4.356152, -1.406819, 0.826214), (0.0714, 0.2399, -0.0243, 0.9679)
11.99412, (-4.356152, -1.406819, 0.826214), (0.0714, 0.2399, -0.0243, 0.9679)
12.00771, (-4.356152, -1.406819, 0.826214), (0.0714, 0.2399, -0.0243, 0.9679)
12.02152, (-4.356152, -1.406819, 0.826214), (0.0714, 0.2399, -0.0243, 0.9679)
12.03547, (-4.356152, -1.406819, 0.826214), (0.0714, 0.2399, -0.0243, 0.9679)
12.04943, (-4.356152, -1.406819, 0.826214), (0.0714, 0.2399, -0.0243, 0.9679)
12.06378, (-4.356152, -1.406819, 0.826214), (0.0714, 0.2399, -0.0243, 0.9679)
12.07755, (-4.356152, -1.406819, 0.826214), (0.0714, 0.2399, -0.0243, 0.9679)
12.09167, (-4.356152, -1.406819, 0.826214), (0.0714, 0.2399, -0.0243, 0.9679)
12.10505, (-4.356152, -1.406819, 0.826214), (0.0714, 0.2399, -0.0243, 0.9679)
12.11829, (-4.356152, -1.406819, 0.826214), (0.0714, 0.2399, -0.0243, 0.9679)
12.13255, (-4.356152, -1.406819, 0.826214), (0.0714, 0.2399, -0.0243, 0.9679)
12.14636, (-4.356152, -1.406819, 0.826214), (0.0714, 0.2399, -0.0243, 0.9679)
12.16015, (-4.356152, -1.406819, 0.826214), (0.0714, 0.2399, -0.0243, 0.9679)
12.17429, (-4.356152, -1.406819, 0.826214), (0.0714, 0.2399, -0.0243, 0.9679)
12.18846, (-4.356152, -1.406819, 0.826214), (0.0714, 0.2399, -0.0243, 0.9679)
12.20256, (-4.356152, -1.406819, 0.826214), (0.0714, 0.2399, -0.0243, 0.9679)
12.21615, (-4.356152, -1.406819, 0.826214), (0.0714, 0.2399, -0.0243, 0.9679)
12.23073, (-4.356152, -1.406819, 0.826214), (0.0714, 0.2399, -0.0243, 0.9679)
12.24452, (-4.356152, -1.406819, 0.826214), (0.0714, 0.2399, -0.0243, 0.9679)
12.25726, (-4.356152, -1.406819, 0.826214), (0.0714, 0.2399, -0.0243, 0.9679)
12.2709, (-4.356152, -1.406819, 0.826214), (0.0714, 0.2399, -0.0243, 0.9679)
12.28474, (-4.356152, -1.406819, 0.826214), (0.0714, 0.2399, -0.0243, 0.9679)
12.29904, (-4.356152, -1.406819, 0.826214), (0.0714, 0.2399, -0.0243, 0.9679)
12.31266, (-4.356152, -1.406819, 0.826214), (0.0714, 0.2399, -0.0243, 0.9679)
12.32674, (-4.356152, -1.406819, 0.826214), (0.0714, 0.2399, -0.0243, 0.9679)
12.34094, (-4.356152, -1.406819, 0.826214), (0.0714, 0.2399, -0.0243, 0.9679)
12.35412, (-4.356152, -1.406819, 0.826214), (0.0714, 0.2399, -0.0243, 0.9679)
12.36836, (-4.356152, -1.406819, 0.826214), (0.0714, 0.2399, -0.0243, 0.9679)
12.38215, (-4.356152, -1.406819, 0.826214), (0.0714, 0.2399, -0.0243, 0.9679)
12.39607, (-4.356152, -1.406819, 0.826214), (0.0714, 0.2399, -0.0243, 0.9679)
12.41003, (-4.356152, -1.406819, 0.826214), (0.0714, 0.2399, -0.0243, 0.9679)
12.42406, (-4.356152, -1.406819, 0.826214), (0.0714, 0.2399, -0.0243, 0.9679)
12.43799, (-4.356152, -1.406819, 0.826214), (0.0714, 0.2399, -0.0243, 0.9679)
12.45243, (-4.356152, -1.406819, 0.826214), (0.0714, 0.2399, -0.0243, 0.9679)
12.46617, (-4.356152, -1.406819, 0.826214), (0.0714, 0.2399, -0.0243, 0.9679)
12.48009, (-4.356152, -1.406819, 0.826214), (0.0714, 0.2399, -0.0243, 0.9679)
12.49401, (-4.356152, -1.406819, 0.826214), (0.0714, 0.2399, -0.0243, 0.9679)
12.50783, (-4.356152, -1.406819, 0.826214), (0.0714, 0.2399, -0.0243, 0.9679)
12.52196, (-4.356152, -1.406819, 0.826214), (0.0714, 0.2399, -0.0243, 0.9679)
12.53583, (-4.356152, -1.406819, 0.826214), (0.0714, 0.2399, -0.0243, 0.9679)
12.5494, (-4.356152, -1.406819, 0.826214), (0.0714, 0.2399, -0.0243, 0.9679)
12.56328, (-4.356152, -1.406819, 0.826214), (0.0714, 0.2399, -0.0243, 0.9679)
12.57703, (-4.356152, -1.406819, 0.826214), (0.0714, 0.2399, -0.0243, 0.9679)
12.59114, (-4.356152, -1.406819, 0.826214), (0.0714, 0.2399, -0.0243, 0.9679)
12.60378, (-4.356152, -1.406819, 0.826214), (0.0714, 0.2399, -0.0243, 0.9679)
12.61713, (-4.356152, -1.406819, 0.826214), (0.0714, 0.2399, -0.0243, 0.9679)
12.63087, (-4.356152, -1.406819, 0.826214), (0.0714, 0.2399, -0.0243, 0.9679)
12.64484, (-4.356152, -1.406819, 0.826214), (0.0714, 0.2399, -0.0243, 0.9679)
12.65865, (-4.356152, -1.406819, 0.826214), (0.0714, 0.2399, -0.0243, 0.9679)
12.67268, (-4.356152, -1.406819, 0.826214), (0.0714, 0.2399, -0.0243, 0.9679)
12.6867, (-4.356152, -1.406819, 0.826214), (0.0714, 0.2399, -0.0243, 0.9679)
12.70095, (-4.356152, -1.406819, 0.826214), (0.0714, 0.2399, -0.0243, 0.9679)
12.71474, (-4.356152, -1.406819, 0.826214), (0.0714, 0.2399, -0.0243, 0.9679)
12.72871, (-4.356152, -1.406819, 0.826214), (0.0714, 0.2399, -0.0243, 0.9679)
12.74381, (-4.356152, -1.406819, 0.826214), (0.0714, 0.2399, -0.0243, 0.9679)
12.76919, (-4.356152, -1.406819, 0.826214), (0.0714, 0.2399, -0.0243, 0.9679)
12.78306, (-4.356152, -1.406819, 0.826214), (0.0714, 0.2399, -0.0243, 0.9679)
12.79789, (-4.356152, -1.406819, 0.826214), (0.0714, 0.2399, -0.0243, 0.9679)
12.81103, (-4.356152, -1.406819, 0.826214), (0.0714, 0.2399, -0.0243, 0.9679)
12.82403, (-4.356152, -1.406819, 0.826214), (0.0714, 0.2399, -0.0243, 0.9679)
12.8379, (-4.356152, -1.406819, 0.826214), (0.0714, 0.2399, -0.0243, 0.9679)
12.8511, (-4.356152, -1.406819, 0.826214), (0.0714, 0.2399, -0.0243, 0.9679)
12.86492, (-4.356152, -1.406819, 0.826214), (0.0714, 0.2399, -0.0243, 0.9679)
12.8787, (-4.356152, -1.406819, 0.826214), (0.0714, 0.2399, -0.0243, 0.9679)
12.89306, (-4.356152, -1.406819, 0.826214), (0.0714, 0.2399, -0.0243, 0.9679)
12.90712, (-4.356152, -1.406819, 0.826214), (0.0714, 0.2399, -0.0243, 0.9679)
12.92123, (-4.356152, -1.406819, 0.826214), (0.0714, 0.2399, -0.0243, 0.9679)
12.93533, (-4.356152, -1.406819, 0.826214), (0.0714, 0.2399, -0.0243, 0.9679)
12.95002, (-4.356152, -1.406819, 0.826214), (0.0714, 0.2399, -0.0243, 0.9679)
12.963, (-4.356152, -1.406819, 0.826214), (0.0714, 0.2399, -0.0243, 0.9679)
12.97728, (-4.356152, -1.406819, 0.826214), (0.0714, 0.2399, -0.0243, 0.9679)
12.99143, (-4.356152, -1.406819, 0.826214), (0.0714, 0.2399, -0.0243, 0.9679)
13.00557, (-4.356152, -1.406819, 0.826214), (0.0714, 0.2399, -0.0243, 0.9679)
13.01954, (-4.356152, -1.406819, 0.826214), (0.0714, 0.2399, -0.0243, 0.9679)
13.03357, (-4.356152, -1.406819, 0.826214), (0.0714, 0.2399, -0.0243, 0.9679)
13.04762, (-4.356152, -1.406819, 0.826214), (0.0714, 0.2399, -0.0243, 0.9679)
13.06161, (-4.356152, -1.406819, 0.826214), (0.0714, 0.2399, -0.0243, 0.9679)
13.07565, (-4.356152, -1.406819, 0.826214), (0.0714, 0.2399, -0.0243, 0.9679)
13.08976, (-4.356152, -1.406819, 0.826214), (0.0714, 0.2399, -0.0243, 0.9679)
13.10348, (-4.356152, -1.406819, 0.826214), (0.0714, 0.2399, -0.0243, 0.9679)
13.11745, (-4.356152, -1.406819, 0.826214), (0.0714, 0.2399, -0.0243, 0.9679)
13.13107, (-4.356152, -1.406819, 0.826214), (0.0714, 0.2399, -0.0243, 0.9679)
13.14499, (-4.356152, -1.406819, 0.826214), (0.0714, 0.2399, -0.0243, 0.9679)
13.15863, (-4.356152, -1.406819, 0.826214), (0.0714, 0.2399, -0.0243, 0.9679)
13.17247, (-4.356152, -1.406819, 0.826214), (0.0714, 0.2399, -0.0243, 0.9679)
13.18658, (-4.356152, -1.406819, 0.826214), (0.0714, 0.2399, -0.0243, 0.9679)
13.20068, (-4.356152, -1.406819, 0.826214), (0.0714, 0.2399, -0.0243, 0.9679)
13.21484, (-4.356152, -1.406819, 0.826214), (0.0714, 0.2399, -0.0243, 0.9679)
13.22881, (-4.356152, -1.406819, 0.826214), (0.0714, 0.2399, -0.0243, 0.9679)
13.24276, (-4.356152, -1.406819, 0.826214), (0.0714, 0.2399, -0.0243, 0.9679)
13.25666, (-4.356152, -1.406819, 0.826214), (0.0714, 0.2399, -0.0243, 0.9679)
13.2705, (-4.356152, -1.406819, 0.826214), (0.0714, 0.2399, -0.0243, 0.9679)
13.28444, (-4.356152, -1.406819, 0.826214), (0.0714, 0.2399, -0.0243, 0.9679)
13.29915, (-4.356152, -1.406819, 0.826214), (0.0714, 0.2399, -0.0243, 0.9679)
13.31229, (-4.356152, -1.406819, 0.826214), (0.0714, 0.2399, -0.0243, 0.9679)
13.32628, (-4.356152, -1.406819, 0.826214), (0.0714, 0.2399, -0.0243, 0.9679)
13.34025, (-4.356152, -1.406819, 0.826214), (0.0714, 0.2399, -0.0243, 0.9679)
13.35407, (-4.356152, -1.406819, 0.826214), (0.0714, 0.2399, -0.0243, 0.9679)
13.36798, (-4.356152, -1.406819, 0.826214), (0.0714, 0.2399, -0.0243, 0.9679)
13.3821, (-4.356152, -1.406819, 0.826214), (0.0714, 0.2399, -0.0243, 0.9679)
13.39624, (-4.356152, -1.406819, 0.826214), (0.0714, 0.2399, -0.0243, 0.9679)
13.40995, (-4.356152, -1.406819, 0.826214), (0.0714, 0.2399, -0.0243, 0.9679)
13.42395, (-4.356152, -1.406819, 0.826214), (0.0714, 0.2399, -0.0243, 0.9679)
13.43807, (-4.356152, -1.406819, 0.826214), (0.0714, 0.2399, -0.0243, 0.9679)
13.45175, (-4.356152, -1.406819, 0.826214), (0.0714, 0.2399, -0.0243, 0.9679)
13.465, (-4.356152, -1.406819, 0.826214), (0.0714, 0.2399, -0.0243, 0.9679)
13.47916, (-4.356152, -1.406819, 0.826214), (0.0714, 0.2399, -0.0243, 0.9679)
13.49302, (-4.356152, -1.406819, 0.826214), (0.0714, 0.2399, -0.0243, 0.9679)
13.50662, (-4.356152, -1.406819, 0.826214), (0.0714, 0.2399, -0.0243, 0.9679)
13.52054, (-4.356152, -1.406819, 0.826214), (0.0714, 0.2399, -0.0243, 0.9679)
13.53473, (-4.356152, -1.406819, 0.826214), (0.0714, 0.2399, -0.0243, 0.9679)
13.54907, (-4.356152, -1.406819, 0.826214), (0.0714, 0.2399, -0.0243, 0.9679)
13.56263, (-4.356152, -1.406819, 0.826214), (0.0714, 0.2399, -0.0243, 0.9679)
13.57722, (-4.356152, -1.406819, 0.826214), (0.0714, 0.2399, -0.0243, 0.9679)
13.59041, (-4.356152, -1.406819, 0.826214), (0.0714, 0.2399, -0.0243, 0.9679)
13.60455, (-4.356152, -1.406819, 0.826214), (0.0714, 0.2399, -0.0243, 0.9679)
13.61879, (-4.356152, -1.406819, 0.826214), (0.0714, 0.2399, -0.0243, 0.9679)
13.632, (-4.356152, -1.406819, 0.826214), (0.0714, 0.2399, -0.0243, 0.9679)
13.64619, (-4.356152, -1.406819, 0.826214), (0.0714, 0.2399, -0.0243, 0.9679)
13.66045, (-4.356152, -1.406819, 0.826214), (0.0714, 0.2399, -0.0243, 0.9679)
13.67474, (-4.356152, -1.406819, 0.826214), (0.0714, 0.2399, -0.0243, 0.9679)
13.6885, (-4.356152, -1.406819, 0.826214), (0.0714, 0.2399, -0.0243, 0.9679)
13.70211, (-4.356152, -1.406819, 0.826214), (0.0714, 0.2399, -0.0243, 0.9679)
13.71598, (-4.356152, -1.406819, 0.826214), (0.0714, 0.2399, -0.0243, 0.9679)
13.72996, (-4.356152, -1.406819, 0.826214), (0.0714, 0.2399, -0.0243, 0.9679)
13.74375, (-4.356152, -1.406819, 0.826214), (0.0714, 0.2399, -0.0243, 0.9679)
13.75776, (-4.356152, -1.406819, 0.826214), (0.0714, 0.2399, -0.0243, 0.9679)
13.77081, (-4.356152, -1.406819, 0.826214), (0.0714, 0.2399, -0.0243, 0.9679)
13.78456, (-4.356152, -1.406819, 0.826214), (0.0714, 0.2399, -0.0243, 0.9679)
13.79818, (-4.356152, -1.406819, 0.826214), (0.0714, 0.2399, -0.0243, 0.9679)
13.81222, (-4.356152, -1.406819, 0.826214), (0.0714, 0.2399, -0.0243, 0.9679)
13.82644, (-4.356152, -1.406819, 0.826214), (0.0714, 0.2399, -0.0243, 0.9679)
13.8404, (-4.356152, -1.406819, 0.826214), (0.0714, 0.2399, -0.0243, 0.9679)
13.85464, (-4.356152, -1.406819, 0.826214), (0.0714, 0.2399, -0.0243, 0.9679)
13.86874, (-4.356152, -1.406819, 0.826214), (0.0714, 0.2399, -0.0243, 0.9679)
13.88268, (-4.356152, -1.406819, 0.826214), (0.0714, 0.2399, -0.0243, 0.9679)
13.89596, (-4.356152, -1.406819, 0.826214), (0.0714, 0.2399, -0.0243, 0.9679)
13.90957, (-4.356152, -1.406819, 0.826214), (0.0714, 0.2399, -0.0243, 0.9679)
13.92342, (-4.356152, -1.406819, 0.826214), (0.0714, 0.2399, -0.0243, 0.9679)
13.93766, (-4.356152, -1.406819, 0.826214), (0.0714, 0.2399, -0.0243, 0.9679)
13.9523, (-4.356152, -1.406819, 0.826214), (0.0714, 0.2399, -0.0243, 0.9679)
13.96554, (-4.356152, -1.406819, 0.826214), (0.0714, 0.2399, -0.0243, 0.9679)
13.97919, (-4.356152, -1.406819, 0.826214), (0.0714, 0.2399, -0.0243, 0.9679)
13.99354, (-4.356152, -1.406819, 0.826214), (0.0714, 0.2399, -0.0243, 0.9679)
14.00752, (-4.356152, -1.406819, 0.826214), (0.0714, 0.2399, -0.0243, 0.9679)
14.02139, (-4.356152, -1.406819, 0.826214), (0.0714, 0.2399, -0.0243, 0.9679)
14.03596, (-4.356152, -1.406819, 0.826214), (0.0714, 0.2399, -0.0243, 0.9679)
14.0495, (-4.356152, -1.406819, 0.826214), (0.0714, 0.2399, -0.0243, 0.9679)
14.0637, (-4.356152, -1.406819, 0.826214), (0.0714, 0.2399, -0.0243, 0.9679)
14.07776, (-4.356152, -1.406819, 0.826214), (0.0714, 0.2399, -0.0243, 0.9679)
14.09093, (-4.356152, -1.406819, 0.826214), (0.0714, 0.2399, -0.0243, 0.9679)
14.10482, (-4.356152, -1.406819, 0.826214), (0.0714, 0.2399, -0.0243, 0.9679)
14.11818, (-4.356152, -1.406819, 0.826214), (0.0714, 0.2399, -0.0243, 0.9679)
14.13237, (-4.356152, -1.406819, 0.826214), (0.0714, 0.2399, -0.0243, 0.9679)
14.14585, (-4.356152, -1.406819, 0.826214), (0.0714, 0.2399, -0.0243, 0.9679)
14.16009, (-4.356152, -1.406819, 0.826214), (0.0714, 0.2399, -0.0243, 0.9679)
14.17397, (-4.356152, -1.406819, 0.826214), (0.0714, 0.2399, -0.0243, 0.9679)
14.1882, (-4.356152, -1.406819, 0.826214), (0.0714, 0.2399, -0.0243, 0.9679)
14.20174, (-4.356152, -1.406819, 0.826214), (0.0714, 0.2399, -0.0243, 0.9679)
14.21572, (-4.356152, -1.406819, 0.826214), (0.0714, 0.2399, -0.0243, 0.9679)
14.22999, (-4.356152, -1.406819, 0.826214), (0.0714, 0.2399, -0.0243, 0.9679)
14.24406, (-4.356152, -1.406819, 0.826214), (0.0714, 0.2399, -0.0243, 0.9679)
14.25788, (-4.356152, -1.406819, 0.826214), (0.0714, 0.2399, -0.0243, 0.9679)
14.27073, (-4.356152, -1.406819, 0.826214), (0.0714, 0.2399, -0.0243, 0.9679)
14.28474, (-4.356152, -1.406819, 0.826214), (0.0714, 0.2399, -0.0243, 0.9679)
14.29843, (-4.356152, -1.406819, 0.826214), (0.0714, 0.2399, -0.0243, 0.9679)
14.3127, (-4.356152, -1.406819, 0.826214), (0.0714, 0.2399, -0.0243, 0.9679)
14.32687, (-4.356152, -1.406819, 0.826214), (0.0714, 0.2399, -0.0243, 0.9679)
14.34087, (-4.356152, -1.406819, 0.826214), (0.0714, 0.2399, -0.0243, 0.9679)
14.35481, (-4.356152, -1.406819, 0.826214), (0.0714, 0.2399, -0.0243, 0.9679)
14.36912, (-4.356152, -1.406819, 0.826214), (0.0714, 0.2399, -0.0243, 0.9679)
14.38271, (-4.356152, -1.406819, 0.826214), (0.0714, 0.2399, -0.0243, 0.9679)
14.39707, (-4.356152, -1.406819, 0.826214), (0.0714, 0.2399, -0.0243, 0.9679)
14.41194, (-4.356152, -1.406819, 0.826214), (0.0714, 0.2399, -0.0243, 0.9679)
14.42499, (-4.356152, -1.406819, 0.826214), (0.0714, 0.2399, -0.0243, 0.9679)
14.43901, (-4.356152, -1.406819, 0.826214), (0.0714, 0.2399, -0.0243, 0.9679)
14.45278, (-4.356152, -1.406819, 0.826214), (0.0714, 0.2399, -0.0243, 0.9679)
14.46674, (-4.356152, -1.406819, 0.826214), (0.0714, 0.2399, -0.0243, 0.9679)
14.4806, (-4.356152, -1.406819, 0.826214), (0.0714, 0.2399, -0.0243, 0.9679)
14.4948, (-4.356152, -1.406819, 0.826214), (0.0714, 0.2399, -0.0243, 0.9679)
14.50886, (-4.356152, -1.406819, 0.826214), (0.0714, 0.2399, -0.0243, 0.9679)
14.52245, (-4.356152, -1.406819, 0.826214), (0.0714, 0.2399, -0.0243, 0.9679)
14.53638, (-4.356152, -1.406819, 0.826214), (0.0714, 0.2399, -0.0243, 0.9679)
14.55029, (-4.356152, -1.406819, 0.826214), (0.0714, 0.2399, -0.0243, 0.9679)
14.56422, (-4.356152, -1.406819, 0.826214), (0.0714, 0.2399, -0.0243, 0.9679)
14.57802, (-4.356152, -1.406819, 0.826214), (0.0714, 0.2399, -0.0243, 0.9679)
14.59213, (-4.356152, -1.406819, 0.826214), (0.0714, 0.2399, -0.0243, 0.9679)
14.60613, (-4.356152, -1.406819, 0.826214), (0.0714, 0.2399, -0.0243, 0.9679)
14.61977, (-4.356152, -1.406819, 0.826214), (0.0714, 0.2399, -0.0243, 0.9679)
14.63363, (-4.356152, -1.406819, 0.826214), (0.0714, 0.2399, -0.0243, 0.9679)
14.64788, (-4.356152, -1.406819, 0.826214), (0.0714, 0.2399, -0.0243, 0.9679)
14.66067, (-4.356152, -1.406819, 0.826214), (0.0714, 0.2399, -0.0243, 0.9679)
14.6742, (-4.356152, -1.406819, 0.826214), (0.0714, 0.2399, -0.0243, 0.9679)
14.68826, (-4.356152, -1.406819, 0.826214), (0.0714, 0.2399, -0.0243, 0.9679)
14.70228, (-4.356152, -1.406819, 0.826214), (0.0714, 0.2399, -0.0243, 0.9679)
14.71661, (-4.356152, -1.406819, 0.826214), (0.0714, 0.2399, -0.0243, 0.9679)
14.73024, (-4.356152, -1.406819, 0.826214), (0.0714, 0.2399, -0.0243, 0.9679)
14.74408, (-4.356152, -1.406819, 0.826214), (0.0714, 0.2399, -0.0243, 0.9679)
14.75793, (-4.356152, -1.406819, 0.826214), (0.0714, 0.2399, -0.0243, 0.9679)
14.77206, (-4.356152, -1.406819, 0.826214), (0.0714, 0.2399, -0.0243, 0.9679)
14.78632, (-4.356152, -1.406819, 0.826214), (0.0714, 0.2399, -0.0243, 0.9679)
14.80027, (-4.356152, -1.406819, 0.826214), (0.0714, 0.2399, -0.0243, 0.9679)
14.814, (-4.356152, -1.406819, 0.826214), (0.0714, 0.2399, -0.0243, 0.9679)
14.82796, (-4.356152, -1.406819, 0.826214), (0.0714, 0.2399, -0.0243, 0.9679)
14.84134, (-4.356152, -1.406819, 0.826214), (0.0714, 0.2399, -0.0243, 0.9679)
14.85503, (-4.356152, -1.406819, 0.826214), (0.0714, 0.2399, -0.0243, 0.9679)
14.86875, (-4.356152, -1.406819, 0.826214), (0.0714, 0.2399, -0.0243, 0.9679)
14.88305, (-4.356152, -1.406819, 0.826214), (0.0714, 0.2399, -0.0243, 0.9679)
14.89691, (-4.356152, -1.406819, 0.826214), (0.0714, 0.2399, -0.0243, 0.9679)
14.91109, (-4.356152, -1.406819, 0.826214), (0.0714, 0.2399, -0.0243, 0.9679)
14.92531, (-4.356152, -1.406819, 0.826214), (0.0714, 0.2399, -0.0243, 0.9679)
14.93896, (-4.356152, -1.406819, 0.826214), (0.0714, 0.2399, -0.0243, 0.9679)
14.95238, (-4.356152, -1.406819, 0.826214), (0.0714, 0.2399, -0.0243, 0.9679)
14.96606, (-4.356152, -1.406819, 0.826214), (0.0714, 0.2399, -0.0243, 0.9679)
14.97984, (-4.356152, -1.406819, 0.826214), (0.0714, 0.2399, -0.0243, 0.9679)
14.9938, (-4.356152, -1.406819, 0.826214), (0.0714, 0.2399, -0.0243, 0.9679)
15.00791, (-4.356152, -1.406819, 0.826214), (0.0714, 0.2399, -0.0243, 0.9679)
15.02177, (-4.356152, -1.406819, 0.826214), (0.0714, 0.2399, -0.0243, 0.9679)
15.0361, (-4.356152, -1.406819, 0.826214), (0.0714, 0.2399, -0.0243, 0.9679)
15.05002, (-4.356152, -1.406819, 0.826214), (0.0714, 0.2399, -0.0243, 0.9679)
15.06438, (-4.356152, -1.406819, 0.826214), (0.0714, 0.2399, -0.0243, 0.9679)
15.07818, (-4.356152, -1.406819, 0.826214), (0.0714, 0.2399, -0.0243, 0.9679)
15.09234, (-4.356152, -1.406819, 0.826214), (0.0714, 0.2399, -0.0243, 0.9679)
15.10638, (-4.356152, -1.406819, 0.826214), (0.0714, 0.2399, -0.0243, 0.9679)
15.12034, (-4.356152, -1.406819, 0.826214), (0.0714, 0.2399, -0.0243, 0.9679)
15.13432, (-4.356152, -1.406819, 0.826214), (0.0714, 0.2399, -0.0243, 0.9679)
15.14842, (-4.356152, -1.406819, 0.826214), (0.0714, 0.2399, -0.0243, 0.9679)
15.16238, (-4.356152, -1.406819, 0.826214), (0.0714, 0.2399, -0.0243, 0.9679)
15.1764, (-4.356152, -1.406819, 0.826214), (0.0714, 0.2399, -0.0243, 0.9679)
15.19071, (-4.356152, -1.406819, 0.826214), (0.0714, 0.2399, -0.0243, 0.9679)
15.20394, (-4.356152, -1.406819, 0.826214), (0.0714, 0.2399, -0.0243, 0.9679)
15.21739, (-4.356152, -1.406819, 0.826214), (0.0714, 0.2399, -0.0243, 0.9679)
15.2313, (-4.356152, -1.406819, 0.826214), (0.0714, 0.2399, -0.0243, 0.9679)
15.24525, (-4.356152, -1.406819, 0.826214), (0.0714, 0.2399, -0.0243, 0.9679)
15.25783, (-4.356152, -1.406819, 0.826214), (0.0714, 0.2399, -0.0243, 0.9679)
15.27174, (-4.356152, -1.406819, 0.826214), (0.0714, 0.2399, -0.0243, 0.9679)
15.28585, (-4.356152, -1.406819, 0.826214), (0.0714, 0.2399, -0.0243, 0.9679)
15.30011, (-4.356152, -1.406819, 0.826214), (0.0714, 0.2399, -0.0243, 0.9679)
15.3139, (-4.356152, -1.406819, 0.826214), (0.0714, 0.2399, -0.0243, 0.9679)
15.32805, (-4.356152, -1.406819, 0.826214), (0.0714, 0.2399, -0.0243, 0.9679)
15.34206, (-4.356152, -1.406819, 0.826214), (0.0714, 0.2399, -0.0243, 0.9679)
15.35597, (-4.356152, -1.406819, 0.826214), (0.0714, 0.2399, -0.0243, 0.9679)
15.36982, (-4.356152, -1.406819, 0.826214), (0.0714, 0.2399, -0.0243, 0.9679)
15.38406, (-4.356152, -1.406819, 0.826214), (0.0714, 0.2399, -0.0243, 0.9679)
15.39768, (-4.356152, -1.406819, 0.826214), (0.0714, 0.2399, -0.0243, 0.9679)
15.41179, (-4.356152, -1.406819, 0.826214), (0.0714, 0.2399, -0.0243, 0.9679)
15.4254, (-4.356152, -1.406819, 0.826214), (0.0714, 0.2399, -0.0243, 0.9679)
15.43969, (-4.356152, -1.406819, 0.826214), (0.0714, 0.2399, -0.0243, 0.9679)
15.45283, (-4.356152, -1.406819, 0.826214), (0.0714, 0.2399, -0.0243, 0.9679)
15.46657, (-4.356152, -1.406819, 0.826214), (0.0714, 0.2399, -0.0243, 0.9679)
15.48038, (-4.356152, -1.406819, 0.826214), (0.0714, 0.2399, -0.0243, 0.9679)
15.49444, (-4.356152, -1.406819, 0.826214), (0.0714, 0.2399, -0.0243, 0.9679)
15.50727, (-4.356152, -1.406819, 0.826214), (0.0714, 0.2399, -0.0243, 0.9679)
15.52114, (-4.356152, -1.406819, 0.826214), (0.0714, 0.2399, -0.0243, 0.9679)
15.53513, (-4.356152, -1.406819, 0.826214), (0.0714, 0.2399, -0.0243, 0.9679)
15.54949, (-4.356152, -1.406819, 0.826214), (0.0714, 0.2399, -0.0243, 0.9679)
15.56314, (-4.356152, -1.406819, 0.826214), (0.0714, 0.2399, -0.0243, 0.9679)
15.57759, (-4.356152, -1.406819, 0.826214), (0.0714, 0.2399, -0.0243, 0.9679)
15.59149, (-4.356152, -1.406819, 0.826214), (0.0714, 0.2399, -0.0243, 0.9679)
15.60537, (-4.356152, -1.406819, 0.826214), (0.0714, 0.2399, -0.0243, 0.9679)
15.61932, (-4.356152, -1.406819, 0.826214), (0.0714, 0.2399, -0.0243, 0.9679)
15.63341, (-4.356152, -1.406819, 0.826214), (0.0714, 0.2399, -0.0243, 0.9679)
15.64746, (-4.356152, -1.406819, 0.826214), (0.0714, 0.2399, -0.0243, 0.9679)
15.6613, (-4.356152, -1.406819, 0.826214), (0.0714, 0.2399, -0.0243, 0.9679)
15.67553, (-4.356152, -1.406819, 0.826214), (0.0714, 0.2399, -0.0243, 0.9679)
15.69022, (-4.356152, -1.406819, 0.826214), (0.0714, 0.2399, -0.0243, 0.9679)
15.70368, (-4.356152, -1.406819, 0.826214), (0.0714, 0.2399, -0.0243, 0.9679)
15.71756, (-4.356152, -1.406819, 0.826214), (0.0714, 0.2399, -0.0243, 0.9679)
15.73141, (-4.356152, -1.406819, 0.826214), (0.0714, 0.2399, -0.0243, 0.9679)
15.74518, (-4.356152, -1.406819, 0.826214), (0.0714, 0.2399, -0.0243, 0.9679)
15.7591, (-4.356152, -1.406819, 0.826214), (0.0714, 0.2399, -0.0243, 0.9679)
15.77308, (-4.356152, -1.406819, 0.826214), (0.0714, 0.2399, -0.0243, 0.9679)
15.78726, (-4.356152, -1.406819, 0.826214), (0.0714, 0.2399, -0.0243, 0.9679)
15.80125, (-4.356152, -1.406819, 0.826214), (0.0714, 0.2399, -0.0243, 0.9679)
15.8151, (-4.356152, -1.406819, 0.826214), (0.0714, 0.2399, -0.0243, 0.9679)
15.82916, (-4.356152, -1.406819, 0.826214), (0.0714, 0.2399, -0.0243, 0.9679)
15.84309, (-4.356152, -1.406819, 0.826214), (0.0714, 0.2399, -0.0243, 0.9679)
15.85687, (-4.356152, -1.406819, 0.826214), (0.0714, 0.2399, -0.0243, 0.9679)
15.87095, (-4.356152, -1.406819, 0.826214), (0.0714, 0.2399, -0.0243, 0.9679)
15.88445, (-4.356152, -1.406819, 0.826214), (0.0714, 0.2399, -0.0243, 0.9679)
15.8982, (-4.356152, -1.406819, 0.826214), (0.0714, 0.2399, -0.0243, 0.9679)
15.91213, (-4.356152, -1.406819, 0.826214), (0.0714, 0.2399, -0.0243, 0.9679)
15.92559, (-4.356152, -1.406819, 0.826214), (0.0714, 0.2399, -0.0243, 0.9679)
15.9395, (-4.356152, -1.406819, 0.826214), (0.0714, 0.2399, -0.0243, 0.9679)
15.95326, (-4.356152, -1.406819, 0.826214), (0.0714, 0.2399, -0.0243, 0.9679)
15.9673, (-4.356152, -1.406819, 0.826214), (0.0714, 0.2399, -0.0243, 0.9679)
15.98149, (-4.356152, -1.406819, 0.826214), (0.0714, 0.2399, -0.0243, 0.9679)
15.99546, (-4.356152, -1.406819, 0.826214), (0.0714, 0.2399, -0.0243, 0.9679)
16.00824, (-4.356152, -1.406819, 0.826214), (0.0714, 0.2399, -0.0243, 0.9679)
16.02174, (-4.356152, -1.406819, 0.826214), (0.0714, 0.2399, -0.0243, 0.9679)
16.03541, (-4.356152, -1.406819, 0.826214), (0.0714, 0.2399, -0.0243, 0.9679)
16.04942, (-4.356152, -1.406819, 0.826214), (0.0714, 0.2399, -0.0243, 0.9679)
16.06347, (-4.356152, -1.406819, 0.826214), (0.0714, 0.2399, -0.0243, 0.9679)
16.07795, (-4.356152, -1.406819, 0.826214), (0.0714, 0.2399, -0.0243, 0.9679)
16.09193, (-4.356152, -1.406819, 0.826214), (0.0714, 0.2399, -0.0243, 0.9679)
16.10436, (-4.356152, -1.406819, 0.826214), (0.0714, 0.2399, -0.0243, 0.9679)
16.11817, (-4.356152, -1.406819, 0.826214), (0.0714, 0.2399, -0.0243, 0.9679)
16.13212, (-4.356152, -1.406819, 0.826214), (0.0714, 0.2399, -0.0243, 0.9679)
16.14624, (-4.356152, -1.406819, 0.826214), (0.0714, 0.2399, -0.0243, 0.9679)
16.16037, (-4.356152, -1.406819, 0.826214), (0.0714, 0.2399, -0.0243, 0.9679)
16.17438, (-4.356152, -1.406819, 0.826214), (0.0714, 0.2399, -0.0243, 0.9679)
16.18836, (-4.356152, -1.406819, 0.826214), (0.0714, 0.2399, -0.0243, 0.9679)
16.20262, (-4.356152, -1.406819, 0.826214), (0.0714, 0.2399, -0.0243, 0.9679)
16.21609, (-4.356152, -1.406819, 0.826214), (0.0714, 0.2399, -0.0243, 0.9679)
16.22976, (-4.356152, -1.406819, 0.826214), (0.0714, 0.2399, -0.0243, 0.9679)
16.24378, (-4.356152, -1.406819, 0.826214), (0.0714, 0.2399, -0.0243, 0.9679)
16.25788, (-4.356152, -1.406819, 0.826214), (0.0714, 0.2399, -0.0243, 0.9679)
16.27262, (-4.356152, -1.406819, 0.826214), (0.0714, 0.2399, -0.0243, 0.9679)
16.28609, (-4.356152, -1.406819, 0.826214), (0.0714, 0.2399, -0.0243, 0.9679)
16.29948, (-4.356152, -1.406819, 0.826214), (0.0714, 0.2399, -0.0243, 0.9679)
16.31277, (-4.356152, -1.406819, 0.826214), (0.0714, 0.2399, -0.0243, 0.9679)
16.32712, (-4.356152, -1.406819, 0.826214), (0.0714, 0.2399, -0.0243, 0.9679)
16.34102, (-4.356152, -1.406819, 0.826214), (0.0714, 0.2399, -0.0243, 0.9679)
16.35504, (-4.356152, -1.406819, 0.826214), (0.0714, 0.2399, -0.0243, 0.9679)
16.36909, (-4.356152, -1.406819, 0.826214), (0.0714, 0.2399, -0.0243, 0.9679)
16.3833, (-4.356152, -1.406819, 0.826214), (0.0714, 0.2399, -0.0243, 0.9679)
16.39728, (-4.356152, -1.406819, 0.826214), (0.0714, 0.2399, -0.0243, 0.9679)
16.41181, (-4.356152, -1.406819, 0.826214), (0.0714, 0.2399, -0.0243, 0.9679)
16.42535, (-4.356152, -1.406819, 0.826214), (0.0714, 0.2399, -0.0243, 0.9679)
16.43938, (-4.356152, -1.406819, 0.826214), (0.0714, 0.2399, -0.0243, 0.9679)
16.45312, (-4.356152, -1.406819, 0.826214), (0.0714, 0.2399, -0.0243, 0.9679)
16.46703, (-4.356152, -1.406819, 0.826214), (0.0714, 0.2399, -0.0243, 0.9679)
16.48119, (-4.356152, -1.406819, 0.826214), (0.0714, 0.2399, -0.0243, 0.9679)
16.49532, (-4.356152, -1.406819, 0.826214), (0.0714, 0.2399, -0.0243, 0.9679)
16.50808, (-4.356152, -1.406819, 0.826214), (0.0714, 0.2399, -0.0243, 0.9679)
16.52169, (-4.356152, -1.406819, 0.826214), (0.0714, 0.2399, -0.0243, 0.9679)
16.53595, (-4.356152, -1.406819, 0.826214), (0.0714, 0.2399, -0.0243, 0.9679)
16.54925, (-4.356152, -1.406819, 0.826214), (0.0714, 0.2399, -0.0243, 0.9679)
16.56259, (-4.356152, -1.406819, 0.826214), (0.0714, 0.2399, -0.0243, 0.9679)
16.57677, (-4.356152, -1.406819, 0.826214), (0.0714, 0.2399, -0.0243, 0.9679)
16.59081, (-4.356152, -1.406819, 0.826214), (0.0714, 0.2399, -0.0243, 0.9679)
16.6051, (-4.356152, -1.406819, 0.826214), (0.0714, 0.2399, -0.0243, 0.9679)
16.61908, (-4.356152, -1.406819, 0.826214), (0.0714, 0.2399, -0.0243, 0.9679)
16.63301, (-4.356152, -1.406819, 0.826214), (0.0714, 0.2399, -0.0243, 0.9679)
16.64717, (-4.356152, -1.406819, 0.826214), (0.0714, 0.2399, -0.0243, 0.9679)
16.66101, (-4.356152, -1.406819, 0.826214), (0.0714, 0.2399, -0.0243, 0.9679)
16.67512, (-4.356152, -1.406819, 0.826214), (0.0714, 0.2399, -0.0243, 0.9679)
16.68974, (-4.356152, -1.406819, 0.826214), (0.0714, 0.2399, -0.0243, 0.9679)
16.70245, (-4.356152, -1.406819, 0.826214), (0.0714, 0.2399, -0.0243, 0.9679)
16.71605, (-4.356152, -1.406819, 0.826214), (0.0714, 0.2399, -0.0243, 0.9679)
16.72996, (-4.356152, -1.406819, 0.826214), (0.0714, 0.2399, -0.0243, 0.9679)
16.74388, (-4.356152, -1.406819, 0.826214), (0.0714, 0.2399, -0.0243, 0.9679)
16.758, (-4.356152, -1.406819, 0.826214), (0.0714, 0.2399, -0.0243, 0.9679)
16.77202, (-4.356152, -1.406819, 0.826214), (0.0714, 0.2399, -0.0243, 0.9679)
16.78572, (-4.356152, -1.406819, 0.826214), (0.0714, 0.2399, -0.0243, 0.9679)
16.79987, (-4.356152, -1.406819, 0.826214), (0.0714, 0.2399, -0.0243, 0.9679)
16.81443, (-4.356152, -1.406819, 0.826214), (0.0714, 0.2399, -0.0243, 0.9679)
16.8282, (-4.356152, -1.406819, 0.826214), (0.0714, 0.2399, -0.0243, 0.9679)
16.84215, (-4.356152, -1.406819, 0.826214), (0.0714, 0.2399, -0.0243, 0.9679)
16.85572, (-4.356152, -1.406819, 0.826214), (0.0714, 0.2399, -0.0243, 0.9679)
16.86954, (-4.356152, -1.406819, 0.826214), (0.0714, 0.2399, -0.0243, 0.9679)
16.8837, (-4.356152, -1.406819, 0.826214), (0.0714, 0.2399, -0.0243, 0.9679)
16.89837, (-4.356152, -1.406819, 0.826214), (0.0714, 0.2399, -0.0243, 0.9679)
16.91385, (-4.356152, -1.406819, 0.826214), (0.0714, 0.2399, -0.0243, 0.9679)
16.92608, (-4.356152, -1.406819, 0.826214), (0.0714, 0.2399, -0.0243, 0.9679)
16.94006, (-4.356152, -1.406819, 0.826214), (0.0714, 0.2399, -0.0243, 0.9679)
16.95408, (-4.356152, -1.406819, 0.826214), (0.0714, 0.2399, -0.0243, 0.9679)
16.96869, (-4.356152, -1.406819, 0.826214), (0.0714, 0.2399, -0.0243, 0.9679)
16.98181, (-4.356152, -1.406819, 0.826214), (0.0714, 0.2399, -0.0243, 0.9679)
16.99608, (-4.356152, -1.406819, 0.826214), (0.0714, 0.2399, -0.0243, 0.9679)
17.0087, (-4.356152, -1.406819, 0.826214), (0.0714, 0.2399, -0.0243, 0.9679)
17.02266, (-4.356152, -1.406819, 0.826214), (0.0714, 0.2399, -0.0243, 0.9679)
17.03595, (-4.356152, -1.406819, 0.826214), (0.0714, 0.2399, -0.0243, 0.9679)
17.04835, (-4.356152, -1.406819, 0.826214), (0.0714, 0.2399, -0.0243, 0.9679)
17.06207, (-4.356152, -1.406819, 0.826214), (0.0714, 0.2399, -0.0243, 0.9679)
17.07621, (-4.356152, -1.406819, 0.826214), (0.0714, 0.2399, -0.0243, 0.9679)
17.09013, (-4.356152, -1.406819, 0.826214), (0.0714, 0.2399, -0.0243, 0.9679)
17.10445, (-4.356152, -1.406819, 0.826214), (0.0714, 0.2399, -0.0243, 0.9679)
17.11832, (-4.356152, -1.406819, 0.826214), (0.0714, 0.2399, -0.0243, 0.9679)
17.13272, (-4.356152, -1.406819, 0.826214), (0.0714, 0.2399, -0.0243, 0.9679)
17.14713, (-4.356152, -1.406819, 0.826214), (0.0714, 0.2399, -0.0243, 0.9679)
17.16101, (-4.356152, -1.406819, 0.826214), (0.0714, 0.2399, -0.0243, 0.9679)
17.17515, (-4.356152, -1.406819, 0.826214), (0.0714, 0.2399, -0.0243, 0.9679)
17.18918, (-4.356152, -1.406819, 0.826214), (0.0714, 0.2399, -0.0243, 0.9679)
17.20375, (-4.356152, -1.406819, 0.826214), (0.0714, 0.2399, -0.0243, 0.9679)
17.21737, (-4.356152, -1.406819, 0.826214), (0.0714, 0.2399, -0.0243, 0.9679)
17.23145, (-4.356152, -1.406819, 0.826214), (0.0714, 0.2399, -0.0243, 0.9679)
17.24378, (-4.356152, -1.406819, 0.826214), (0.0714, 0.2399, -0.0243, 0.9679)
17.25869, (-4.356152, -1.406819, 0.826214), (0.0714, 0.2399, -0.0243, 0.9679)
17.27271, (-4.356152, -1.406819, 0.826214), (0.0714, 0.2399, -0.0243, 0.9679)
17.28702, (-4.356152, -1.406819, 0.826214), (0.0714, 0.2399, -0.0243, 0.9679)
17.30134, (-4.356152, -1.406819, 0.826214), (0.0714, 0.2399, -0.0243, 0.9679)
17.31485, (-4.356152, -1.406819, 0.826214), (0.0714, 0.2399, -0.0243, 0.9679)
17.32804, (-4.356152, -1.406819, 0.826214), (0.0714, 0.2399, -0.0243, 0.9679)
17.3416, (-4.356152, -1.406819, 0.826214), (0.0714, 0.2399, -0.0243, 0.9679)
17.35526, (-4.356152, -1.406819, 0.826214), (0.0714, 0.2399, -0.0243, 0.9679)
17.36913, (-4.356152, -1.406819, 0.826214), (0.0714, 0.2399, -0.0243, 0.9679)
17.3822, (-4.356152, -1.406819, 0.826214), (0.0714, 0.2399, -0.0243, 0.9679)
17.3961, (-4.356152, -1.406819, 0.826214), (0.0714, 0.2399, -0.0243, 0.9679)
17.40962, (-4.356152, -1.406819, 0.826214), (0.0714, 0.2399, -0.0243, 0.9679)
17.42293, (-4.356152, -1.406819, 0.826214), (0.0714, 0.2399, -0.0243, 0.9679)
17.43733, (-4.356152, -1.406819, 0.826214), (0.0714, 0.2399, -0.0243, 0.9679)
17.4518, (-4.356152, -1.406819, 0.826214), (0.0714, 0.2399, -0.0243, 0.9679)
17.46553, (-4.356152, -1.406819, 0.826214), (0.0714, 0.2399, -0.0243, 0.9679)
17.47964, (-4.356152, -1.406819, 0.826214), (0.0714, 0.2399, -0.0243, 0.9679)
17.49401, (-4.356152, -1.406819, 0.826214), (0.0714, 0.2399, -0.0243, 0.9679)
17.50796, (-4.356152, -1.406819, 0.826214), (0.0714, 0.2399, -0.0243, 0.9679)
17.52178, (-4.356152, -1.406819, 0.826214), (0.0714, 0.2399, -0.0243, 0.9679)
17.53599, (-4.356152, -1.406819, 0.826214), (0.0714, 0.2399, -0.0243, 0.9679)
17.54985, (-4.356152, -1.406819, 0.826214), (0.0714, 0.2399, -0.0243, 0.9679)
17.56356, (-4.356152, -1.406819, 0.826214), (0.0714, 0.2399, -0.0243, 0.9679)
17.57744, (-4.356152, -1.406819, 0.826214), (0.0714, 0.2399, -0.0243, 0.9679)
17.59157, (-4.356152, -1.406819, 0.826214), (0.0714, 0.2399, -0.0243, 0.9679)
17.6062, (-4.356152, -1.406819, 0.826214), (0.0714, 0.2399, -0.0243, 0.9679)
17.61821, (-4.356152, -1.406819, 0.826214), (0.0714, 0.2399, -0.0243, 0.9679)
17.63192, (-4.356152, -1.406819, 0.826214), (0.0714, 0.2399, -0.0243, 0.9679)
17.64504, (-4.356152, -1.406819, 0.826214), (0.0714, 0.2399, -0.0243, 0.9679)
17.65898, (-4.356152, -1.406819, 0.826214), (0.0714, 0.2399, -0.0243, 0.9679)
17.67286, (-4.356152, -1.406819, 0.826214), (0.0714, 0.2399, -0.0243, 0.9679)
17.68698, (-4.356152, -1.406819, 0.826214), (0.0714, 0.2399, -0.0243, 0.9679)
17.70213, (-4.356152, -1.406819, 0.826214), (0.0714, 0.2399, -0.0243, 0.9679)
17.71405, (-4.356152, -1.406819, 0.826214), (0.0714, 0.2399, -0.0243, 0.9679)
17.72845, (-4.356152, -1.406819, 0.826214), (0.0714, 0.2399, -0.0243, 0.9679)
17.74297, (-4.356152, -1.406819, 0.826214), (0.0714, 0.2399, -0.0243, 0.9679)
17.75659, (-4.356152, -1.406819, 0.826214), (0.0714, 0.2399, -0.0243, 0.9679)
17.77005, (-4.356152, -1.406819, 0.826214), (0.0714, 0.2399, -0.0243, 0.9679)
17.78402, (-4.356152, -1.406819, 0.826214), (0.0714, 0.2399, -0.0243, 0.9679)
17.7984, (-4.356152, -1.406819, 0.826214), (0.0714, 0.2399, -0.0243, 0.9679)
17.81236, (-4.356152, -1.406819, 0.826214), (0.0714, 0.2399, -0.0243, 0.9679)
17.8265, (-4.356152, -1.406819, 0.826214), (0.0714, 0.2399, -0.0243, 0.9679)
17.83996, (-4.356152, -1.406819, 0.826214), (0.0714, 0.2399, -0.0243, 0.9679)
17.85376, (-4.356152, -1.406819, 0.826214), (0.0714, 0.2399, -0.0243, 0.9679)
17.86779, (-4.356152, -1.406819, 0.826214), (0.0714, 0.2399, -0.0243, 0.9679)
17.8821, (-4.356152, -1.406819, 0.826214), (0.0714, 0.2399, -0.0243, 0.9679)
17.8962, (-4.356152, -1.406819, 0.826214), (0.0714, 0.2399, -0.0243, 0.9679)
17.90954, (-4.356152, -1.406819, 0.826214), (0.0714, 0.2399, -0.0243, 0.9679)
17.92388, (-4.356152, -1.406819, 0.826214), (0.0714, 0.2399, -0.0243, 0.9679)
17.93696, (-4.356152, -1.406819, 0.826214), (0.0714, 0.2399, -0.0243, 0.9679)
17.95117, (-4.356152, -1.406819, 0.826214), (0.0714, 0.2399, -0.0243, 0.9679)
17.96513, (-4.356152, -1.406819, 0.826214), (0.0714, 0.2399, -0.0243, 0.9679)
17.97966, (-4.356152, -1.406819, 0.826214), (0.0714, 0.2399, -0.0243, 0.9679)
17.99386, (-4.356152, -1.406819, 0.826214), (0.0714, 0.2399, -0.0243, 0.9679)
18.00689, (-4.356152, -1.406819, 0.826214), (0.0714, 0.2399, -0.0243, 0.9679)
18.02149, (-4.356152, -1.406819, 0.826214), (0.0714, 0.2399, -0.0243, 0.9679)
18.03502, (-4.356152, -1.406819, 0.826214), (0.0714, 0.2399, -0.0243, 0.9679)
18.04896, (-4.356152, -1.406819, 0.826214), (0.0714, 0.2399, -0.0243, 0.9679)
18.06281, (-4.356152, -1.406819, 0.826214), (0.0714, 0.2399, -0.0243, 0.9679)
18.07694, (-4.356152, -1.406819, 0.826214), (0.0714, 0.2399, -0.0243, 0.9679)
18.09281, (-4.356152, -1.406819, 0.826214), (0.0714, 0.2399, -0.0243, 0.9679)
18.10503, (-4.356152, -1.406819, 0.826214), (0.0714, 0.2399, -0.0243, 0.9679)
18.11907, (-4.356152, -1.406819, 0.826214), (0.0714, 0.2399, -0.0243, 0.9679)
18.13272, (-4.356152, -1.406819, 0.826214), (0.0714, 0.2399, -0.0243, 0.9679)
18.14685, (-4.356152, -1.406819, 0.826214), (0.0714, 0.2399, -0.0243, 0.9679)
18.16076, (-4.356152, -1.406819, 0.826214), (0.0714, 0.2399, -0.0243, 0.9679)
18.17478, (-4.356152, -1.406819, 0.826214), (0.0714, 0.2399, -0.0243, 0.9679)
18.22701, (-4.356152, -1.406819, 0.826214), (0.0714, 0.2399, -0.0243, 0.9679)